date,type,00:00,00:01,00:02,00:03,00:04,00:05,00:06,00:07,00:08,00:09,00:10,00:11,00:12,00:13,00:14,00:15,00:16,00:17,00:18,00:19,00:20,00:21,00:22,00:23,00:24,00:25,00:26,00:27,00:28,00:29,00:30,00:31,00:32,00:33,00:34,00:35,00:36,00:37,00:38,00:39,00:40,00:41,00:42,00:43,00:44,00:45,00:46,00:47,00:48,00:49,00:50,00:51,00:52,00:53,00:54,00:55,00:56,00:57,00:58,00:59,01:00,01:01,01:02,01:03,01:04,01:05,01:06,01:07,01:08,01:09,01:10,01:11,01:12,01:13,01:14,01:15,01:16,01:17,01:18,01:19,01:20,01:21,01:22,01:23,01:24,01:25,01:26,01:27,01:28,01:29,01:30,01:31,01:32,01:33,01:34,01:35,01:36,01:37,01:38,01:39,01:40,01:41,01:42,01:43,01:44,01:45,01:46,01:47,01:48,01:49,01:50,01:51,01:52,01:53,01:54,01:55,01:56,01:57,01:58,01:59,02:00,02:01,02:02,02:03,02:04,02:05,02:06,02:07,02:08,02:09,02:10,02:11,02:12,02:13,02:14,02:15,02:16,02:17,02:18,02:19,02:20,02:21,02:22,02:23,02:24,02:25,02:26,02:27,02:28,02:29,02:30,02:31,02:32,02:33,02:34,02:35,02:36,02:37,02:38,02:39,02:40,02:41,02:42,02:43,02:44,02:45,02:46,02:47,02:48,02:49,02:50,02:51,02:52,02:53,02:54,02:55,02:56,02:57,02:58,02:59,03:00,03:01,03:02,03:03,03:04,03:05,03:06,03:07,03:08,03:09,03:10,03:11,03:12,03:13,03:14,03:15,03:16,03:17,03:18,03:19,03:20,03:21,03:22,03:23,03:24,03:25,03:26,03:27,03:28,03:29,03:30,03:31,03:32,03:33,03:34,03:35,03:36,03:37,03:38,03:39,03:40,03:41,03:42,03:43,03:44,03:45,03:46,03:47,03:48,03:49,03:50,03:51,03:52,03:53,03:54,03:55,03:56,03:57,03:58,03:59,04:00,04:01,04:02,04:03,04:04,04:05,04:06,04:07,04:08,04:09,04:10,04:11,04:12,04:13,04:14,04:15,04:16,04:17,04:18,04:19,04:20,04:21,04:22,04:23,04:24,04:25,04:26,04:27,04:28,04:29,04:30,04:31,04:32,04:33,04:34,04:35,04:36,04:37,04:38,04:39,04:40,04:41,04:42,04:43,04:44,04:45,04:46,04:47,04:48,04:49,04:50,04:51,04:52,04:53,04:54,04:55,04:56,04:57,04:58,04:59,05:00,05:01,05:02,05:03,05:04,05:05,05:06,05:07,05:08,05:09,05:10,05:11,05:12,05:13,05:14,05:15,05:16,05:17,05:18,05:19,05:20,05:21,05:22,05:23,05:24,05:25,05:26,05:27,05:28,05:29,05:30,05:31,05:32,05:33,05:34,05:35,05:36,05:37,05:38,05:39,05:40,05:41,05:42,05:43,05:44,05:45,05:46,05:47,05:48,05:49,05:50,05:51,05:52,05:53,05:54,05:55,05:56,05:57,05:58,05:59,06:00,06:01,06:02,06:03,06:04,06:05,06:06,06:07,06:08,06:09,06:10,06:11,06:12,06:13,06:14,06:15,06:16,06:17,06:18,06:19,06:20,06:21,06:22,06:23,06:24,06:25,06:26,06:27,06:28,06:29,06:30,06:31,06:32,06:33,06:34,06:35,06:36,06:37,06:38,06:39,06:40,06:41,06:42,06:43,06:44,06:45,06:46,06:47,06:48,06:49,06:50,06:51,06:52,06:53,06:54,06:55,06:56,06:57,06:58,06:59,07:00,07:01,07:02,07:03,07:04,07:05,07:06,07:07,07:08,07:09,07:10,07:11,07:12,07:13,07:14,07:15,07:16,07:17,07:18,07:19,07:20,07:21,07:22,07:23,07:24,07:25,07:26,07:27,07:28,07:29,07:30,07:31,07:32,07:33,07:34,07:35,07:36,07:37,07:38,07:39,07:40,07:41,07:42,07:43,07:44,07:45,07:46,07:47,07:48,07:49,07:50,07:51,07:52,07:53,07:54,07:55,07:56,07:57,07:58,07:59,08:00,08:01,08:02,08:03,08:04,08:05,08:06,08:07,08:08,08:09,08:10,08:11,08:12,08:13,08:14,08:15,08:16,08:17,08:18,08:19,08:20,08:21,08:22,08:23,08:24,08:25,08:26,08:27,08:28,08:29,08:30,08:31,08:32,08:33,08:34,08:35,08:36,08:37,08:38,08:39,08:40,08:41,08:42,08:43,08:44,08:45,08:46,08:47,08:48,08:49,08:50,08:51,08:52,08:53,08:54,08:55,08:56,08:57,08:58,08:59,09:00,09:01,09:02,09:03,09:04,09:05,09:06,09:07,09:08,09:09,09:10,09:11,09:12,09:13,09:14,09:15,09:16,09:17,09:18,09:19,09:20,09:21,09:22,09:23,09:24,09:25,09:26,09:27,09:28,09:29,09:30,09:31,09:32,09:33,09:34,09:35,09:36,09:37,09:38,09:39,09:40,09:41,09:42,09:43,09:44,09:45,09:46,09:47,09:48,09:49,09:50,09:51,09:52,09:53,09:54,09:55,09:56,09:57,09:58,09:59,10:00,10:01,10:02,10:03,10:04,10:05,10:06,10:07,10:08,10:09,10:10,10:11,10:12,10:13,10:14,10:15,10:16,10:17,10:18,10:19,10:20,10:21,10:22,10:23,10:24,10:25,10:26,10:27,10:28,10:29,10:30,10:31,10:32,10:33,10:34,10:35,10:36,10:37,10:38,10:39,10:40,10:41,10:42,10:43,10:44,10:45,10:46,10:47,10:48,10:49,10:50,10:51,10:52,10:53,10:54,10:55,10:56,10:57,10:58,10:59,11:00,11:01,11:02,11:03,11:04,11:05,11:06,11:07,11:08,11:09,11:10,11:11,11:12,11:13,11:14,11:15,11:16,11:17,11:18,11:19,11:20,11:21,11:22,11:23,11:24,11:25,11:26,11:27,11:28,11:29,11:30,11:31,11:32,11:33,11:34,11:35,11:36,11:37,11:38,11:39,11:40,11:41,11:42,11:43,11:44,11:45,11:46,11:47,11:48,11:49,11:50,11:51,11:52,11:53,11:54,11:55,11:56,11:57,11:58,11:59,12:00,12:01,12:02,12:03,12:04,12:05,12:06,12:07,12:08,12:09,12:10,12:11,12:12,12:13,12:14,12:15,12:16,12:17,12:18,12:19,12:20,12:21,12:22,12:23,12:24,12:25,12:26,12:27,12:28,12:29,12:30,12:31,12:32,12:33,12:34,12:35,12:36,12:37,12:38,12:39,12:40,12:41,12:42,12:43,12:44,12:45,12:46,12:47,12:48,12:49,12:50,12:51,12:52,12:53,12:54,12:55,12:56,12:57,12:58,12:59,13:00,13:01,13:02,13:03,13:04,13:05,13:06,13:07,13:08,13:09,13:10,13:11,13:12,13:13,13:14,13:15,13:16,13:17,13:18,13:19,13:20,13:21,13:22,13:23,13:24,13:25,13:26,13:27,13:28,13:29,13:30,13:31,13:32,13:33,13:34,13:35,13:36,13:37,13:38,13:39,13:40,13:41,13:42,13:43,13:44,13:45,13:46,13:47,13:48,13:49,13:50,13:51,13:52,13:53,13:54,13:55,13:56,13:57,13:58,13:59,14:00,14:01,14:02,14:03,14:04,14:05,14:06,14:07,14:08,14:09,14:10,14:11,14:12,14:13,14:14,14:15,14:16,14:17,14:18,14:19,14:20,14:21,14:22,14:23,14:24,14:25,14:26,14:27,14:28,14:29,14:30,14:31,14:32,14:33,14:34,14:35,14:36,14:37,14:38,14:39,14:40,14:41,14:42,14:43,14:44,14:45,14:46,14:47,14:48,14:49,14:50,14:51,14:52,14:53,14:54,14:55,14:56,14:57,14:58,14:59,15:00,15:01,15:02,15:03,15:04,15:05,15:06,15:07,15:08,15:09,15:10,15:11,15:12,15:13,15:14,15:15,15:16,15:17,15:18,15:19,15:20,15:21,15:22,15:23,15:24,15:25,15:26,15:27,15:28,15:29,15:30,15:31,15:32,15:33,15:34,15:35,15:36,15:37,15:38,15:39,15:40,15:41,15:42,15:43,15:44,15:45,15:46,15:47,15:48,15:49,15:50,15:51,15:52,15:53,15:54,15:55,15:56,15:57,15:58,15:59,16:00,16:01,16:02,16:03,16:04,16:05,16:06,16:07,16:08,16:09,16:10,16:11,16:12,16:13,16:14,16:15,16:16,16:17,16:18,16:19,16:20,16:21,16:22,16:23,16:24,16:25,16:26,16:27,16:28,16:29,16:30,16:31,16:32,16:33,16:34,16:35,16:36,16:37,16:38,16:39,16:40,16:41,16:42,16:43,16:44,16:45,16:46,16:47,16:48,16:49,16:50,16:51,16:52,16:53,16:54,16:55,16:56,16:57,16:58,16:59,17:00,17:01,17:02,17:03,17:04,17:05,17:06,17:07,17:08,17:09,17:10,17:11,17:12,17:13,17:14,17:15,17:16,17:17,17:18,17:19,17:20,17:21,17:22,17:23,17:24,17:25,17:26,17:27,17:28,17:29,17:30,17:31,17:32,17:33,17:34,17:35,17:36,17:37,17:38,17:39,17:40,17:41,17:42,17:43,17:44,17:45,17:46,17:47,17:48,17:49,17:50,17:51,17:52,17:53,17:54,17:55,17:56,17:57,17:58,17:59,18:00,18:01,18:02,18:03,18:04,18:05,18:06,18:07,18:08,18:09,18:10,18:11,18:12,18:13,18:14,18:15,18:16,18:17,18:18,18:19,18:20,18:21,18:22,18:23,18:24,18:25,18:26,18:27,18:28,18:29,18:30,18:31,18:32,18:33,18:34,18:35,18:36,18:37,18:38,18:39,18:40,18:41,18:42,18:43,18:44,18:45,18:46,18:47,18:48,18:49,18:50,18:51,18:52,18:53,18:54,18:55,18:56,18:57,18:58,18:59,19:00,19:01,19:02,19:03,19:04,19:05,19:06,19:07,19:08,19:09,19:10,19:11,19:12,19:13,19:14,19:15,19:16,19:17,19:18,19:19,19:20,19:21,19:22,19:23,19:24,19:25,19:26,19:27,19:28,19:29,19:30,19:31,19:32,19:33,19:34,19:35,19:36,19:37,19:38,19:39,19:40,19:41,19:42,19:43,19:44,19:45,19:46,19:47,19:48,19:49,19:50,19:51,19:52,19:53,19:54,19:55,19:56,19:57,19:58,19:59,20:00,20:01,20:02,20:03,20:04,20:05,20:06,20:07,20:08,20:09,20:10,20:11,20:12,20:13,20:14,20:15,20:16,20:17,20:18,20:19,20:20,20:21,20:22,20:23,20:24,20:25,20:26,20:27,20:28,20:29,20:30,20:31,20:32,20:33,20:34,20:35,20:36,20:37,20:38,20:39,20:40,20:41,20:42,20:43,20:44,20:45,20:46,20:47,20:48,20:49,20:50,20:51,20:52,20:53,20:54,20:55,20:56,20:57,20:58,20:59,21:00,21:01,21:02,21:03,21:04,21:05,21:06,21:07,21:08,21:09,21:10,21:11,21:12,21:13,21:14,21:15,21:16,21:17,21:18,21:19,21:20,21:21,21:22,21:23,21:24,21:25,21:26,21:27,21:28,21:29,21:30,21:31,21:32,21:33,21:34,21:35,21:36,21:37,21:38,21:39,21:40,21:41,21:42,21:43,21:44,21:45,21:46,21:47,21:48,21:49,21:50,21:51,21:52,21:53,21:54,21:55,21:56,21:57,21:58,21:59,22:00,22:01,22:02,22:03,22:04,22:05,22:06,22:07,22:08,22:09,22:10,22:11,22:12,22:13,22:14,22:15,22:16,22:17,22:18,22:19,22:20,22:21,22:22,22:23,22:24,22:25,22:26,22:27,22:28,22:29,22:30,22:31,22:32,22:33,22:34,22:35,22:36,22:37,22:38,22:39,22:40,22:41,22:42,22:43,22:44,22:45,22:46,22:47,22:48,22:49,22:50,22:51,22:52,22:53,22:54,22:55,22:56,22:57,22:58,22:59,23:00,23:01,23:02,23:03,23:04,23:05,23:06,23:07,23:08,23:09,23:10,23:11,23:12,23:13,23:14,23:15,23:16,23:17,23:18,23:19,23:20,23:21,23:22,23:23,23:24,23:25,23:26,23:27,23:28,23:29,23:30,23:31,23:32,23:33,23:34,23:35,23:36,23:37,23:38,23:39,23:40,23:41,23:42,23:43,23:44,23:45,23:46,23:47,23:48,23:49,23:50,23:51,23:52,23:53,23:54,23:55,23:56,23:57,23:58,23:59
2020-05-04,ios,,,,,,,,,,,,,,,,,,,,,,,,,,,,,,,,,,,,,,,,,,,,,,,,,,,,,,,,,,,,,,,,,,,,,,,,,,,,,,,,,,,,,,,,,,,,,,,,,,,,,,,,,,,,,,,,,,,,,,,,,,,,,,,,,,,,,,,,,,,,,,,,,,,,,,,,,,,,,,,,,,,,,,,,,,,,,,,,,,,,,,,,,,,,,,,,,,,,,,,,,,,,,,,,,,,,,,,,,,,,,,,,,,,,,,,,,,,,,,,,,,,,,,,,,,,,,,,,,,,,,,,,,,,,,,,,,,,,,,,,,,,,,,,,,,,,,,,,,,,,,,,,,,,,,,,,,,,,,,,,,,,,,,,,,,,,,,,,,,,,,,,,,,,,,,,,,,,,,,,,,,,,,,,,,,,,,,,,,,,,,,,,,,,,,,,,,,,,,,,,,,,,,,,,,,,,,,,,,,,,,,,,,,,,,,,,,,,,,,,,,,,,,,,,,,,,,,,,,,,,,,,,,,,,,,,,,,,,,,,,,,,,,,,,,,,,,,,,,,,,,,,,,,,,,,,,,,,,,,,,,,,,,,,,,,,,,,,,,,,,,,,,,,,,,,,,,,,,,,,,,,,,,,,,,,,,,,,,,,,,,,,,,,,,,,,,,,,,,,,,,,,,,,,,,,,,,,,,,,,,,,,,,,,,,,,,,,,,,,,,,,,,,,,,,,,,,,,,,,,,,,,,,,,,,,,,,,,,,,,,,,,,,,,,,,,,,,,,,,,,,,,,,,,,,,,,,,,,,,,,,,,,,,,,,,,,,,,,,,,,,,,,,,,,,,,,,,,,,,,,,,,,,,,,,,,,,,,,,,,,,,,,,,,,,,,,,,,,,,,,,,,,,,,,,,,,,,,,,,,,,,,,,,,,,,,,,,,,,,,,,,,,,,,,,,,,,,,,,,,,,,,,,,,,,,,,,,,,,,,,,,,,,,,,,,,,,,,,,,,,,,,,,,,,,,,,,,,,,,,,,,,,,,,,,,,,,,,,,,,,,,,,,,,,,,,,,,,,,,,,,,,,,,,,,,,,,,,,,,,,,,,,,,,,,,,,,,,,,,,,,,,,,,,,,,,,,,,,,,,,,,,,,,,,,,,,,,,,,,,,,,,,,,,,,,,,,,,,,,,,,,,,,,,,,,,,,,,,,,,,,,,,,,,,,,,,,,,,,,,,,,,,,,,,,,,,,,,,,,,,,,,,,,,,,,,,,,,,,,,,,,,,,,,,,,,,,,,,,,,,,,,,,,,,,,,,,,,,,,,,,,,,,,,,,,,,,,,,,,,,,,,,,,,,,,,,,,,,,,,,,,,,,,,,,,,,,,,,,,,,,,,,,,,,,,,,,,,,,,,,,,,,,,,,,,,,,,,,,,,,,,,,,,,,,,,,,,,,,,,,,,,,,,,,,,,,,,,,,,,,,,,,,,,,,,,,,,,,,,,,,,,,,,,,,,,,,,,,,,,,,,,,,,,,,,,,,,,,,,,,,,,,,,,,,,,,,,,,,,,,,,,,,,,,,,,,,,,,,,,,,,,,,,,,,,,,,,,,,,,,1979.0
2020-05-05,ios,,,,,,,,,,,,,,,,,,,,,,,,,,,,,,,,,,,,,,,,,,,,,,,,,,,,,,,,,,,,,,,,,,,,,,,,,,,,,,,,,,,,,,,,,,,,,,,,,,,,,,,,,,,,,,,,,,,,,,,,,,,,,,,,,,,,,,,,,,,,,,,,,,,,,,,,,,,,,,,,,,,,,,,,,,,,,,,,,,,,,,,,,,,,,,,,,,,,,,,,,,,,,,,,,,,,,,,,,,,,,,,,,,,,,,,,,,,,,,,,,,,,,,,,,,,,,,,,,,,,,,,,,,,,,,,,,,,,,,,,,,,,,,,,,,,,,,,,,,,,,,,,,,,,,,,,,,,,,,,,,,,,,,,,,,,,,,,,,,,,,,,,,,,,,,,,,,,,,,,,,,,,,,,,,,,,,,,,,,,,,,,,,,,,,,,,,,,,,,,,,,,,,,,,,,,,,,,,,,,,,,,,,,,,,,,,,,,,,,,,,,,,,,,,,,,,,,,,,,,,,,,,,,,,,,,,,,,,,,,,,,,,,,,,,,,,,,,,,,,,,,,,,,,,,,,,,,,,,,,,,,,,,,,,,,,,,,,,,,,,,,,,,,,,,,,,,,,,,,,,,,,,,,,,,,,,,,,,,,,,,,,,,,,,,,,,,,,,,,,,,,,,,,,,,,,,,,,,,,,,,,,,,,,,,,,,,,,,,,,,,,,,,,,,,,,,,,,,,,,,,,,,,,,,,,,,,,,,,,,,,,,,,,,,,,,,,,,,,,,,,,,,,,,,,,,,,,,,,,,,,,,,,,,,,,,,,,,,,,,,,,,,,,,,,,,,,,,,,,,,,,,,,,,,,,,,,,,,,,,,,,,,,,,,,,,,,,,,,,,,,,,,,,,,,,,,,,,,,,,,,,,,,,,,,,,,,,,,,,,,,,,,,,,,,,,,,,,,,,,,,,,,,,,,,,,,,,,,,,,,,,,,,,,,,,,,,,,,,,,,,,,,,,,,,,,,,,,,,,,,,,,,,,,,,,,,,,,,,,,,,,,,,,,,,,,,,,,,,,,,,,,,,,,,,,,,,,,,,,,,,,,,,,,,,,,,,,,,,,,,,,,,,,,,,,,,,,,,,,,,,,,,,,,,,,,,,,,,,,,,,,,,,,,,,,,,,,,,,,,,,,,,,,,,,,,,,,,,,,,,,,,,,,,,,,,,,,,,,,,,,,,,,,,,,,,,,,,,,,,,,,,,,,,,,,,,,,,,,,,,,,,,,,,,,,,,,,,,,,,,,,,,,,,,,,,,,,,,,,,,,,,,,,,,,,,,,,,,,,,,,,,,,,,,,,,,,,,,,,,,,,,,,,,,,,,,,,,,,,,,,,,,,,,,,,,,,,,,,,,,,,,,,,,,,,,,,,,,,,,,,,,,,,,,,,,,,,,,,,,,,,,,,,,,,,,,,,,,,,,,,,,,,,,,,,,,,,,,,,,,,,,,,,,,,,,,,,,,,,,,,,,,,,,,,,,,,,,,,,,,,,,,,,,,,,,,,,,,,,,,,,,,,,,,,,,,,,,,,,,,,,,,,,,,,,,,,,,,,,,,3979.0
2020-05-06,ios,,,,,,,,,,,,,,,,,,,,,,,,,,,,,,,,,,,,,,,,,,,,,,,,,,,,,,,,,,,,,,,,,,,,,,,,,,,,,,,,,,,,,,,,,,,,,,,,,,,,,,,,,,,,,,,,,,,,,,,,,,,,,,,,,,,,,,,,,,,,,,,,,,,,,,,,,,,,,,,,,,,,,,,,,,,,,,,,,,,,,,,,,,,,,,,,,,,,,,,,,,,,,,,,,,,,,,,,,,,,,,,,,,,,,,,,,,,,,,,,,,,,,,,,,,,,,,,,,,,,,,,,,,,,,,,,,,,,,,,,,,,,,,,,,,,,,,,,,,,,,,,,,,,,,,,,,,,,,,,,,,,,,,,,,,,,,,,,,,,,,,,,,,,,,,,,,,,,,,,,,,,,,,,,,,,,,,,,,,,,,,,,,,,,,,,,,,,,,,,,,,,,,,,,,,,,,,,,,,,,,,,,,,,,,,,,,,,,,,,,,,,,,,,,,,,,,,,,,,,,,,,,,,,,,,,,,,,,,,,,,,,,,,,,,,,,,,,,,,,,,,,,,,,,,,,,,,,,,,,,,,,,,,,,,,,,,,,,,,,,,,,,,,,,,,,,,,,,,,,,,,,,,,,,,,,,,,,,,,,,,,,,,,,,,,,,,,,,,,,,,,,,,,,,,,,,,,,,,,,,,,,,,,,,,,,,,,,,,,,,,,,,,,,,,,,,,,,,,,,,,,,,,,,,,,,,,,,,,,,,,,,,,,,,,,,,,,,,,,,,,,,,,,,,,,,,,,,,,,,,,,,,,,,,,,,,,,,,,,,,,,,,,,,,,,,,,,,,,,,,,,,,,,,,,,,,,,,,,,,,,,,,,,,,,,,,,,,,,,,,,,,,,,,,,,,,,,,,,,,,,,,,,,,,,,,,,,,,,,,,,,,,,,,,,,,,,,,,,,,,,,,,,,,,,,,,,,,,,,,,,,,,,,,,,,,,,,,,,,,,,,,,,,,,,,,,,,,,,,,,,,,,,,,,,,,,,,,,,,,,,,,,,,,,,,,,,,,,,,,,,,,,,,,,,,,,,,,,,,,,,,,,,,,,,,,,,,,,,,,,,,,,,,,,,,,,,,,,,,,,,,,,,,,,,,,,,,,,,,,,,,,,,,,,,,,,,,,,,,,,,,,,,,,,,,,,,,,,,,,,,,,,,,,,,,,,,,,,,,,,,,,,,,,,,,,,,,,,,,,,,,,,,,,,,,,,,,,,,,,,,,,,,,,,,,,,,,,,,,,,,,,,,,,,,,,,,,,,,,,,,,,,,,,,,,,,,,,,,,,,,,,,,,,,,,,,,,,,,,,,,,,,,,,,,,,,,,,,,,,,,,,,,,,,,,,,,,,,,,,,,,,,,,,,,,,,,,,,,,,,,,,,,,,,,,,,,,,,,,,,,,,,,,,,,,,,,,,,,,,,,,,,,,,,,,,,,,,,,,,,,,,,,,,,,,,,,,,,,,,,,,,,,,,,,,,,,,,,,,,,,,,,,,,,,,,,,,,,,,,,,,,,,,,,,,,,,,,,,,,,,,,,,,,,,,,,,,,,,,,,9239.0
2020-05-07,ios,,,,,,,,,,,,,,,,,,,,,,,,,,,,,,,,,,,,,,,,,,,,,,,,,,,,,,,,,,,,,,,,,,,,,,,,,,,,,,,,,,,,,,,,,,,,,,,,,,,,,,,,,,,,,,,,,,,,,,,,,,,,,,,,,,,,,,,,,,,,,,,,,,,,,,,,,,,,,,,,,,,,,,,,,,,,,,,,,,,,,,,,,,,,,,,,,,,,,,,,,,,,,,,,,,,,,,,,,,,,,,,,,,,,,,,,,,,,,,,,,,,,,,,,,,,,,,,,,,,,,,,,,,,,,,,,,,,,,,,,,,,,,,,,,,,,,,,,,,,,,,,,,,,,,,,,,,,,,,,,,,,,,,,,,,,,,,,,,,,,,,,,,,,,,,,,,,,,,,,,,,,,,,,,,,,,,,,,,,,,,,,,,,,,,,,,,,,,,,,,,,,,,,,,,,,,,,,,,,,,,,,,,,,,,,,,,,,,,,,,,,,,,,,,,,,,,,,,,,,,,,,,,,,,,,,,,,,,,,,,,,,,,,,,,,,,,,,,,,,,,,,,,,,,,,,,,,,,,,,,,,,,,,,,,,,,,,,,,,,,,,,,,,,,,,,,,,,,,,,,,,,,,,,,,,,,,,,,,,,,,,,,,,,,,,,,,,,,,,,,,,,,,,,,,,,,,,,,,,,,,,,,,,,,,,,,,,,,,,,,,,,,,,,,,,,,,,,,,,,,,,,,,,,,,,,,,,,,,,,,,,,,,,,,,,,,,,,,,,,,,,,,,,,,,,,,,,,,,,,,,,,,,,,,,,,,,,,,,,,,,,,,,,,,,,,,,,,,,,,,,,,,,,,,,,,,,,,,,,,,,,,,,,,,,,,,,,,,,,,,,,,,,,,,,,,,,,,,,,,,,,,,,,,,,,,,,,,,,,,,,,,,,,,,,,,,,,,,,,,,,,,,,,,,,,,,,,,,,,,,,,,,,,,,,,,,,,,,,,,,,,,,,,,,,,,,,,,,,,,,,,,,,,,,,,,,,,,,,,,,,,,,,,,,,,,,,,,,,,,,,,,,,,,,,,,,,,,,,,,,,,,,,,,,,,,,,,,,,,,,,,,,,,,,,,,,,,,,,,,,,,,,,,,,,,,,,,,,,,,,,,,,,,,,,,,,,,,,,,,,,,,,,,,,,,,,,,,,,,,,,,,,,,,,,,,,,,,,,,,,,,,,,,,,,,,,,,,,,,,,,,,,,,,,,,,,,,,,,,,,,,,,,,,,,,,,,,,,,,,,,,,,,,,,,,,,,,,,,,,,,,,,,,,,,,,,,,,,,,,,,,,,,,,,,,,,,,,,,,,,,,,,,,,,,,,,,,,,,,,,,,,,,,,,,,,,,,,,,,,,,,,,,,,,,,,,,,,,,,,,,,,,,,,,,,,,,,,,,,,,,,,,,,,,,,,,,,,,,,,,,,,,,,,,,,,,,,,,,,,,,,,,,,,,,,,,,,,,,,,,,,,,,,,,,,,,,,,,,,,,,,,,,,,,,,,,,,,,,,,,,,,,,,,,,,,,,,,,,,,,,,,,,,,,,,,,,,,,,,,,11359.0
2020-05-08,ios,,,,,,,,,,,,,,,,,,,,,,,,,,,,,,,,,,,,,,,,,,,,,,,,,,,,,,,,,,,,,,,,,,,,,,,,,,,,,,,,,,,,,,,,,,,,,,,,,,,,,,,,,,,,,,,,,,,,,,,,,,,,,,,,,,,,,,,,,,,,,,,,,,,,,,,,,,,,,,,,,,,,,,,,,,,,,,,,,,,,,,,,,,,,,,,,,,,,,,,,,,,,,,,,,,,,,,,,,,,,,,,,,,,,,,,,,,,,,,,,,,,,,,,,,,,,,,,,,,,,,,,,,,,,,,,,,,,,,,,,,,,,,,,,,,,,,,,,,,,,,,,,,,,,,,,,,,,,,,,,,,,,,,,,,,,,,,,,,,,,,,,,,,,,,,,,,,,,,,,,,,,,,,,,,,,,,,,,,,,,,,,,,,,,,,,,,,,,,,,,,,,,,,,,,,,,,,,,,,,,,,,,,,,,,,,,,,,,,,,,,,,,,,,,,,,,,,,,,,,,,,,,,,,,,,,,,,,,,,,,,,,,,,,,,,,,,,,,,,,,,,,,,,,,,,,,,,,,,,,,,,,,,,,,,,,,,,,,,,,,,,,,,,,,,,,,,,,,,,,,,,,,,,,,,,,,,,,,,,,,,,,,,,,,,,,,,,,,,,,,,,,,,,,,,,,,,,,,,,,,,,,,,,,,,,,,,,,,,,,,,,,,,,,,,,,,,,,,,,,,,,,,,,,,,,,,,,,,,,,,,,,,,,,,,,,,,,,,,,,,,,,,,,,,,,,,,,,,,,,,,,,,,,,,,,,,,,,,,,,,,,,,,,,,,,,,,,,,,,,,,,,,,,,,,,,,,,,,,,,,,,,,,,,,,,,,,,,,,,,,,,,,,,,,,,,,,,,,,,,,,,,,,,,,,,,,,,,,,,,,,,,,,,,,,,,,,,,,,,,,,,,,,,,,,,,,,,,,,,,,,,,,,,,,,,,,,,,,,,,,,,,,,,,,,,,,,,,,,,,,,,,,,,,,,,,,,,,,,,,,,,,,,,,,,,,,,,,,,,,,,,,,,,,,,,,,,,,,,,,,,,,,,,,,,,,,,,,,,,,,,,,,,,,,,,,,,,,,,,,,,,,,,,,,,,,,,,,,,,,,,,,,,,,,,,,,,,,,,,,,,,,,,,,,,,,,,,,,,,,,,,,,,,,,,,,,,,,,,,,,,,,,,,,,,,,,,,,,,,,,,,,,,,,,,,,,,,,,,,,,,,,,,,,,,,,,,,,,,,,,,,,,,,,,,,,,,,,,,,,,,,,,,,,,,,,,,,,,,,,,,,,,,,,,,,,,,,,,,,,,,,,,,,,,,,,,,,,,,,,,,,,,,,,,,,,,,,,,,,,,,,,,,,,,,,,,,,,,,,,,,,,,,,,,,,,,,,,,,,,,,,,,,,,,,,,,,,,,,,,,,,,,,,,,,,,,,,,,,,,,,,,,,,,,,,,,,,,,,,,,,,,,,,,,,,,,,,,,,,,,,,,,,,,,,,,,,,,,,,,,,,,,,,,,,,,,,,,,,,,,,,,,,,,,,,,,,,,,,,,,7341.0
2020-05-09,ios,,,,,,,,,,,,,,,,,,,,,,,,,,,,,,,,,,,,,,,,,,,,,,,,,,,,,,,,,,,,,,,,,,,,,,,,,,,,,,,,,,,,,,,,,,,,,,,,,,,,,,,,,,,,,,,,,,,,,,,,,,,,,,,,,,,,,,,,,,,,,,,,,,,,,,,,,,,,,,,,,,,,,,,,,,,,,,,,,,,,,,,,,,,,,,,,,,,,,,,,,,,,,,,,,,,,,,,,,,,,,,,,,,,,,,,,,,,,,,,,,,,,,,,,,,,,,,,,,,,,,,,,,,,,,,,,,,,,,,,,,,,,,,,,,,,,,,,,,,,,,,,,,,,,,,,,,,,,,,,,,,,,,,,,,,,,,,,,,,,,,,,,,,,,,,,,,,,,,,,,,,,,,,,,,,,,,,,,,,,,,,,,,,,,,,,,,,,,,,,,,,,,,,,,,,,,,,,,,,,,,,,,,,,,,,,,,,,,,,,,,,,,,,,,,,,,,,,,,,,,,,,,,,,,,,,,,,,,,,,,,,,,,,,,,,,,,,,,,,,,,,,,,,,,,,,,,,,,,,,,,,,,,,,,,,,,,,,,,,,,,,,,,,,,,,,,,,,,,,,,,,,,,,,,,,,,,,,,,,,,,,,,,,,,,,,,,,,,,,,,,,,,,,,,,,,,,,,,,,,,,,,,,,,,,,,,,,,,,,,,,,,,,,,,,,,,,,,,,,,,,,,,,,,,,,,,,,,,,,,,,,,,,,,,,,,,,,,,,,,,,,,,,,,,,,,,,,,,,,,,,,,,,,,,,,,,,,,,,,,,,,,,,,,,,,,,,,,,,,,,,,,,,,,,,,,,,,,,,,,,,,,,,,,,,,,,,,,,,,,,,,,,,,,,,,,,,,,,,,,,,,,,,,,,,,,,,,,,,,,,,,,,,,,,,,,,,,,,,,,,,,,,,,,,,,,,,,,,,,,,,,,,,,,,,,,,,,,,,,,,,,,,,,,,,,,,,,,,,,,,,,,,,,,,,,,,,,,,,,,,,,,,,,,,,,,,,,,,,,,,,,,,,,,,,,,,,,,,,,,,,,,,,,,,,,,,,,,,,,,,,,,,,,,,,,,,,,,,,,,,,,,,,,,,,,,,,,,,,,,,,,,,,,,,,,,,,,,,,,,,,,,,,,,,,,,,,,,,,,,,,,,,,,,,,,,,,,,,,,,,,,,,,,,,,,,,,,,,,,,,,,,,,,,,,,,,,,,,,,,,,,,,,,,,,,,,,,,,,,,,,,,,,,,,,,,,,,,,,,,,,,,,,,,,,,,,,,,,,,,,,,,,,,,,,,,,,,,,,,,,,,,,,,,,,,,,,,,,,,,,,,,,,,,,,,,,,,,,,,,,,,,,,,,,,,,,,,,,,,,,,,,,,,,,,,,,,,,,,,,,,,,,,,,,,,,,,,,,,,,,,,,,,,,,,,,,,,,,,,,,,,,,,,,,,,,,,,,,,,,,,,,,,,,,,,,,,,,,,,,,,,,,,,,,,,,,,,,,,,,,,,,,,,,,,,,,,,,,,,,,,,,,,,,,,,,,,,,,,,,,7788.0
2020-05-10,ios,,,,,,,,,,,,,,,,,,,,,,,,,,,,,,,,,,,,,,,,,,,,,,,,,,,,,,,,,,,,,,,,,,,,,,,,,,,,,,,,,,,,,,,,,,,,,,,,,,,,,,,,,,,,,,,,,,,,,,,,,,,,,,,,,,,,,,,,,,,,,,,,,,,,,,,,,,,,,,,,,,,,,,,,,,,,,,,,,,,,,,,,,,,,,,,,,,,,,,,,,,,,,,,,,,,,,,,,,,,,,,,,,,,,,,,,,,,,,,,,,,,,,,,,,,,,,,,,,,,,,,,,,,,,,,,,,,,,,,,,,,,,,,,,,,,,,,,,,,,,,,,,,,,,,,,,,,,,,,,,,,,,,,,,,,,,,,,,,,,,,,,,,,,,,,,,,,,,,,,,,,,,,,,,,,,,,,,,,,,,,,,,,,,,,,,,,,,,,,,,,,,,,,,,,,,,,,,,,,,,,,,,,,16.0,16.0,16.0,16.0,16.0,16.0,16.0,16.0,16.0,16.0,16.0,16.0,16.0,16.0,16.0,16.0,16.0,16.0,16.0,16.0,16.0,16.0,16.0,16.0,16.0,16.0,16.0,16.0,16.0,16.0,16.0,16.0,16.0,16.0,16.0,16.0,16.0,16.0,16.0,16.0,16.0,16.0,16.0,16.0,16.0,16.0,16.0,16.0,16.0,16.0,16.0,16.0,16.0,16.0,16.0,16.0,16.0,29.0,29.0,61.0,61.0,72.0,89.0,97.0,200.0,294.0,404.0,484.0,589.0,683.0,742.0,817.0,914.0,1012.0,1107.0,1209.0,1315.0,1414.0,1518.0,1619.0,1721.0,1815.0,1912.0,1990.0,2076.0,2154.0,2251.0,2351.0,2414.0,2414.0,2462.0,2466.0,2483.0,2483.0,2483.0,2483.0,2483.0,2483.0,2483.0,2483.0,2483.0,2483.0,2483.0,2483.0,2483.0,2506.0,2506.0,2506.0,2506.0,2506.0,2506.0,2514.0,2514.0,2514.0,2514.0,2514.0,2514.0,2514.0,2514.0,2514.0,2514.0,2514.0,2514.0,2514.0,2514.0,2514.0,2514.0,2514.0,2514.0,2514.0,2584.0,2618.0,2669.0,2761.0,2843.0,2910.0,2983.0,3075.0,3162.0,3256.0,3343.0,3434.0,3506.0,3506.0,3599.0,3694.0,3785.0,3874.0,3935.0,4032.0,4121.0,4227.0,4327.0,4426.0,4494.0,4542.0,4594.0,4672.0,4703.0,4769.0,4795.0,4795.0,4795.0,4795.0,4828.0,4864.0,4927.0,4927.0,4967.0,5006.0,5022.0,5038.0,5090.0,5090.0,5159.0,5212.0,5229.0,5258.0,5267.0,5267.0,5285.0,5308.0,5308.0,5308.0,5308.0,5308.0,5358.0,5418.0,5504.0,5591.0,5609.0,5697.0,5801.0,5915.0,5996.0,6100.0,6205.0,6314.0,6425.0,6524.0,6534.0,6646.0,6749.0,6853.0,6955.0,7057.0,7159.0,7267.0,7371.0,7399.0,7438.0,7451.0,7467.0,7467.0,7467.0,7467.0,7467.0,7467.0,7485.0,7485.0,7512.0,7512.0,7512.0,7512.0,7512.0,7512.0,7512.0,7512.0,7512.0,7512.0,7512.0,7512.0,7512.0,7512.0,7512.0,7512.0,7512.0,7512.0,7512.0,7512.0,7512.0,7512.0,7512.0,7512.0,7512.0,7512.0,7512.0,7512.0,7512.0,7524.0,7525.0,7525.0,7525.0,7525.0,7525.0,7525.0,7525.0,7525.0,7525.0,7525.0,7525.0,7540.0,7581.0,7637.0,7649.0,7758.0,7865.0,7972.0,8060.0,8156.0,8250.0,8339.0,8412.0,8493.0,8593.0,8620.0,8620.0,8620.0,8658.0,8755.0,8851.0,8928.0,9030.0,9131.0,9230.0,9329.0,9429.0,9527.0,9625.0,9726.0,9825.0,9873.0,9891.0,9891.0,9891.0,9891.0,9891.0,9891.0,9891.0,9891.0,9891.0,9891.0,9891.0,9891.0,9891.0,9891.0,9891.0,9891.0,9891.0,9891.0,9891.0,9891.0,9891.0,9891.0,9891.0,9891.0,9891.0,9891.0,9891.0,9891.0,9891.0,9891.0,9891.0,9917.0,9917.0,9917.0,9917.0,9917.0,9917.0,9917.0,9917.0,9917.0,9917.0,9917.0,9917.0,9917.0,9917.0,9917.0,9917.0,9917.0,9917.0,9917.0,9917.0,9917.0,9917.0,9917.0,9917.0,9917.0,9917.0,9917.0,9917.0,9917.0,9917.0,9917.0,9917.0,9917.0,9917.0,9917.0,9917.0,9917.0,9917.0,9917.0,9917.0,9917.0,9917.0,9917.0,9917.0,9917.0,9917.0,9950.0,9974.0,9974.0,10027.0,10122.0,10224.0,10327.0,10428.0,10519.0,10606.0,10691.0,10787.0,10878.0,10963.0,11064.0,11119.0,11207.0,11298.0,11371.0,11467.0,11544.0,11625.0,11697.0,11789.0,11879.0,11969.0,12041.0,12136.0,12231.0,12333.0,12434.0,12533.0,12632.0,12716.0,12793.0,12798.0,12798.0,12798.0,12798.0,12798.0,12798.0,12798.0,12798.0,12798.0,12798.0,12798.0,12798.0,12798.0,12798.0,12798.0,12798.0,12798.0,12798.0,12798.0,12798.0,12798.0,12798.0,12798.0,12798.0,12798.0,12798.0,12798.0,12798.0,12798.0,12798.0,12798.0,12798.0,12798.0,12798.0,12798.0,12798.0,12798.0,12798.0,12798.0,12798.0,12798.0,12798.0,12798.0,12798.0,12798.0,12798.0,12798.0,12798.0,12798.0,12798.0,12798.0,12798.0,12798.0,12798.0,12798.0,12798.0,12798.0,12798.0,12798.0,12798.0,12798.0,12798.0,12798.0,12798.0,12798.0,12798.0,12798.0,12798.0,12798.0,12798.0,12798.0,12798.0,12798.0,12798.0,12798.0,12798.0,12798.0,12798.0,12798.0,12798.0,12798.0,12798.0,12798.0,12798.0,12798.0,12798.0,12798.0,12798.0,12798.0,12798.0,12798.0,12798.0,12798.0,12798.0,12798.0,12798.0,12798.0,12798.0,12798.0,12798.0,12798.0,12798.0,12798.0,12798.0,12798.0,12798.0,12798.0,12798.0,12798.0,12798.0,12798.0,12798.0,12798.0,12798.0,12798.0,12798.0,12798.0,12798.0,12798.0,12798.0,12798.0,12798.0,12798.0,12798.0,12798.0,12798.0,12798.0,12798.0,12798.0,12798.0,12798.0,12798.0,12798.0,12798.0,12798.0,12798.0,12798.0,12798.0,12798.0,12798.0,12798.0,12798.0,12798.0,12798.0,12798.0,12798.0,12798.0,12798.0,12798.0,12798.0,12798.0,12798.0,12798.0,12798.0,12798.0,12798.0,12798.0,12798.0,12798.0,12798.0,12798.0,12798.0,12798.0,12798.0,12798.0,12798.0,12798.0,12798.0,12798.0,12798.0,12798.0,12798.0,12798.0,12798.0,12798.0,12798.0,12798.0,12798.0,12798.0,12821.0,12821.0,12844.0,12844.0,12844.0,12869.0,12967.0,13026.0,13026.0,13026.0,13026.0,13037.0,13037.0,13057.0,13102.0,13125.0,13125.0,13125.0,13125.0,13125.0,13129.0,13129.0,13154.0,13165.0,13202.0,13225.0,13225.0,13225.0,13225.0,13243.0,13289.0,13309.0,13318.0,13411.0,13510.0,13613.0,13716.0,13821.0,13926.0,14030.0,14138.0,14200.0,14255.0,14362.0,14471.0,14580.0,14682.0,14790.0,14899.0,14995.0,15099.0,15201.0,15298.0,15399.0,15493.0,15555.0,15558.0,15558.0,15558.0,15558.0,15558.0,15558.0,15558.0,15558.0,15558.0,15558.0,15560.0,15561.0,15563.0,15565.0,15567.0,15572.0,15572.0,15627.0,15700.0,15761.0,15866.0,15970.0,16030.0,16030.0,16030.0,16030.0,16066.0,16159.0,16243.0,16346.0,16452.0,16557.0,16661.0,16758.0,16849.0,16937.0,17015.0,17120.0,17221.0,17324.0,17419.0,17525.0,17585.0,17596.0,17596.0,17647.0,17647.0,17647.0,17647.0,17647.0,17647.0,17647.0,17647.0,17647.0,17647.0,17647.0,17647.0,17647.0,17647.0,17647.0,17647.0,17647.0,17647.0,17647.0,17647.0,17647.0,17647.0,17647.0,17647.0,17647.0,17647.0,17647.0,17647.0,17647.0,17647.0,17647.0,17647.0,17647.0,17647.0,17647.0,17647.0,17647.0,17647.0,17647.0,17647.0,17647.0,17647.0,17647.0,17647.0,17647.0,17647.0,17647.0,17647.0,17647.0,17647.0,17647.0,17647.0,17647.0,17647.0,17647.0,17647.0,17647.0,17647.0,,,,,,,,,,,,,,,,,,,,,,,,,,,,,,,,,,,,,,,,,,,,,,,,,,,,,,,,,,,,,,,,,,,,,,,,,,,,,,,,,,,,,,,,,,,,,,,,,,,,,,,,,,,,,,,,,,,,,,,,,,,,,,,,,,,,,,,,,,,,,,,,,,,,,,,,,,,,,,,,,,,,,,,,,,,,,,,,,,,,,,,,,,,,,,,,,,,,,,,,,,,,,,,,,,,,,,,,,,,,,,,,,,,,,,,,,,,,,,,,,,,,,,,,,,,,,,,,,,,,,,,,,,,,,,,,,
2020-05-11,ios,,,,,,,,,,,,,,,,,,,,,,,,,,,,,,,,,,,,,,,,,,,,,,,,,,,,,,,,,,,,,,,,,,,,,,,,,,,,,,,,,,,,,,,,,,,,,,,,,,,,,,,,,,,,,,,,,,,,,,,,,,,,,,,,,,,,,,,,,,,,,,,,,,,,,,,,,,,,,,,,,,,,,,,,,,,,,,,,,,,,,,,,,,,,,,,,,,,,,,,,,,,,,,,,,,,,,,,,,,,,,,,,,,,,,,,,,,,,,,,,,,,,,,,,,,,,,,,,,,,,,,,,,,,,,,,,,,,,,,,,,,,,,,,,,,,,,,,,,,,,,,,,,,,,,,,,,,,,,,,,,,,,,,,,,,,,,,,,,,,,,,,,,,,,,,,,,,,,,,,,,,,,,,,,,,,,,,,,,,,,,,,,,,,,,,,,,,,,,,,,,,,,,,,19.0,19.0,19.0,19.0,19.0,19.0,19.0,19.0,19.0,19.0,19.0,19.0,19.0,19.0,19.0,19.0,19.0,19.0,19.0,19.0,19.0,19.0,19.0,19.0,19.0,19.0,19.0,19.0,19.0,19.0,19.0,19.0,19.0,19.0,19.0,19.0,19.0,19.0,19.0,19.0,19.0,19.0,19.0,19.0,19.0,19.0,19.0,19.0,19.0,19.0,43.0,163.0,189.0,189.0,189.0,189.0,189.0,189.0,189.0,189.0,189.0,189.0,189.0,189.0,189.0,189.0,189.0,189.0,231.0,272.0,379.0,488.0,601.0,714.0,784.0,784.0,824.0,824.0,824.0,824.0,824.0,824.0,824.0,824.0,824.0,824.0,824.0,824.0,897.0,1010.0,1123.0,1237.0,1349.0,1461.0,1558.0,1581.0,1581.0,1581.0,1581.0,1581.0,1581.0,1581.0,1581.0,1581.0,1581.0,1581.0,1581.0,1581.0,1581.0,1641.0,1651.0,1651.0,1651.0,1651.0,1651.0,1659.0,1706.0,1706.0,1706.0,1706.0,1706.0,1706.0,1706.0,1706.0,1706.0,1706.0,1706.0,1706.0,1706.0,1706.0,1706.0,1706.0,1706.0,1706.0,1706.0,1706.0,1706.0,1706.0,1706.0,1706.0,1706.0,1706.0,1706.0,1706.0,1706.0,1706.0,1706.0,1706.0,1706.0,1706.0,1706.0,1706.0,1706.0,1706.0,1706.0,1706.0,1706.0,1706.0,1706.0,1706.0,1706.0,1706.0,1706.0,1706.0,1706.0,1706.0,1706.0,1706.0,1706.0,1706.0,1706.0,1706.0,1706.0,1706.0,1706.0,1706.0,1706.0,1706.0,1706.0,1706.0,1706.0,1706.0,1706.0,1706.0,1706.0,1706.0,1706.0,1706.0,1706.0,1706.0,1706.0,1706.0,1706.0,1706.0,1706.0,1706.0,1706.0,1706.0,1706.0,1706.0,1719.0,1754.0,1773.0,1773.0,1773.0,1773.0,1773.0,1773.0,1794.0,1827.0,1827.0,1827.0,1827.0,1827.0,1827.0,1827.0,1827.0,1827.0,1827.0,1827.0,1827.0,1827.0,1827.0,1827.0,1827.0,1827.0,1827.0,1827.0,1827.0,1827.0,1827.0,1827.0,1827.0,1827.0,1827.0,1827.0,1827.0,1827.0,1827.0,1827.0,1827.0,1827.0,1827.0,1827.0,1827.0,1827.0,1827.0,1827.0,1827.0,1827.0,1827.0,1827.0,1827.0,1827.0,1827.0,1827.0,1827.0,1827.0,1827.0,1827.0,1827.0,1827.0,1827.0,1827.0,1827.0,1827.0,1827.0,1827.0,1827.0,1827.0,1827.0,1827.0,1827.0,1827.0,1827.0,1827.0,1827.0,1827.0,1827.0,1827.0,1827.0,1827.0,1827.0,1827.0,1827.0,1827.0,1827.0,1827.0,1827.0,1827.0,1894.0,1960.0,1971.0,2033.0,2096.0,2160.0,2231.0,2231.0,2330.0,2399.0,2474.0,2521.0,2610.0,2726.0,2780.0,2780.0,2780.0,2780.0,2780.0,2780.0,2780.0,2780.0,2780.0,2780.0,2780.0,2780.0,2780.0,2780.0,2780.0,2780.0,2780.0,2800.0,2800.0,2800.0,2800.0,2800.0,2800.0,2800.0,2800.0,2800.0,2800.0,2888.0,2960.0,2960.0,2960.0,2960.0,2998.0,3004.0,3049.0,3166.0,3282.0,3398.0,3514.0,3632.0,3748.0,3862.0,3977.0,4092.0,4192.0,4231.0,4314.0,4430.0,4536.0,4556.0,4556.0,4634.0,4690.0,4690.0,4790.0,4907.0,5022.0,5138.0,5254.0,5370.0,5487.0,5603.0,5718.0,5836.0,5954.0,6072.0,6158.0,6179.0,6179.0,6179.0,6179.0,6179.0,6179.0,6179.0,6179.0,6179.0,6179.0,6179.0,6179.0,6179.0,6179.0,6179.0,6179.0,6179.0,6179.0,6179.0,6179.0,,,,,,,,,,,,,,,,,,,,,,,,,,,,,,,,,,,,,,,,,,,,,,,,,,,,,,,,,,,,,,,,,,,,,,,,,,,,,,,,,,,,,,,,,,,,,,,,,,,,,,,,,,,,,,,,,,,,,,,,,,,,,,,,,,,,,,,,,,,,,,,,,,,,,,,,,,,,,,,,,,,,,,,,,,,,,,,,,,,,,,,,,,,,,,,,,,,,,,,,,,,,,,,,,,,,,,,,,,,,,,,,,,,,,,,,,,,,,,,,,,,,,,,,,,,,,,,,,,,,,,,,,,,,,,,,,,,,,,,,,,,,,,,,,,,,,,,,,,,,,,,,,,,,,,,,,,,,,,,,,,,,,,,,,,,,,,,,,,,,,,,,,,,,,,,,,,,,,,,,,,,,,,,,,,,,,,,,,,,,,,,,,,,,,,,,,,,,,,,,,,,,,,,,,,,,,,,,,,,,,,,,,,,,,,,,,,,,,,,,,,,,,,,,,,,,,,,,,,,,,,,,,,,,,,,,,,,,,,,,,,,,,,,,,,,,,,,,,,,,,,,,,,,,,,,,,,,,,,,,,,,,,,,,,,,,,,,,,,,,,,,,,,,,,,,,,,,,,,,,,,,,,,,,,,,,,,,,,,,,,,,,,,,,,,,,,,,,,,,,,,,,,,,,,,,,,,,,,,,,,,,,,,,,,,,,,,,,,,,,,,,
2020-05-17,ios,,,,,,,,,,,,,,,,,,,,,,,,,,,,,,,,,,,,,,,,,,,,,,,,,,,,,,,,,,,,,,,,,,,,,,,,,,,,,,,,,,,,,,,,,,,,,,,,,,,,,,,,,,,,,,,,,,,,,,,,,,,,,,,,,,,,,,,,,,,,,,,,,,,,,,,,,,,,,,,,,,,,,,,,,,,,,,,,,,,,,,,,,,,,,,,,,,,,,,,,,,,,,,,,,,,,,,,,,,,,,,,,,,,,,,,,,,,,,,,,,,,,,,,,,,,,,,,,,,,,,,,,,,,,,,,,,,,,,,,,,,,,,,,,,,,,,,,,,,,,,,,,,,,,,,,,,,,,,,,,,,,,,,,,,,,,,,,,,,,,,,,,,,,,,,,,,,,,,,,,,,,,,,,,,,,,,,,,,,,,,,,,,,,,,,,,,,,,,,,,,,,,,,,,,,,,,,,,,,,,,8.0,8.0,8.0,8.0,8.0,8.0,8.0,8.0,8.0,8.0,8.0,8.0,8.0,8.0,8.0,8.0,8.0,8.0,8.0,8.0,8.0,8.0,8.0,8.0,8.0,8.0,8.0,8.0,8.0,8.0,8.0,8.0,8.0,8.0,8.0,8.0,8.0,8.0,8.0,8.0,8.0,8.0,8.0,8.0,8.0,8.0,8.0,8.0,8.0,8.0,8.0,8.0,8.0,8.0,8.0,8.0,8.0,8.0,8.0,8.0,8.0,8.0,8.0,16.0,17.0,17.0,17.0,17.0,17.0,17.0,17.0,17.0,17.0,17.0,17.0,17.0,17.0,17.0,17.0,17.0,17.0,17.0,17.0,17.0,17.0,17.0,17.0,17.0,17.0,17.0,17.0,17.0,17.0,17.0,17.0,17.0,17.0,17.0,17.0,17.0,17.0,17.0,17.0,33.0,109.0,201.0,297.0,394.0,500.0,614.0,708.0,817.0,912.0,1021.0,1129.0,1237.0,1336.0,1435.0,1545.0,1648.0,1756.0,1861.0,1968.0,2080.0,2190.0,2225.0,2292.0,2334.0,2334.0,2334.0,2334.0,2334.0,2334.0,2334.0,2334.0,2334.0,2342.0,2342.0,2342.0,2342.0,2342.0,2342.0,2342.0,2342.0,2342.0,2342.0,2342.0,2342.0,2342.0,2342.0,2342.0,2342.0,2342.0,2342.0,2342.0,2342.0,2342.0,2351.0,2401.0,2422.0,2459.0,2459.0,2459.0,2459.0,2459.0,2459.0,2459.0,2481.0,2517.0,2517.0,2517.0,2590.0,2597.0,2597.0,2597.0,2597.0,2597.0,2597.0,2597.0,2597.0,2597.0,2597.0,2597.0,2597.0,2597.0,2597.0,2597.0,2597.0,2597.0,2597.0,2597.0,2597.0,2597.0,2597.0,2597.0,2597.0,2613.0,2676.0,2688.0,2688.0,2688.0,2688.0,2688.0,2696.0,2696.0,2696.0,2714.0,2736.0,2736.0,2736.0,2736.0,2743.0,2767.0,2767.0,2811.0,2811.0,2811.0,2811.0,2811.0,2811.0,2811.0,2811.0,2811.0,2811.0,2811.0,2811.0,2811.0,2811.0,2811.0,2811.0,2811.0,2811.0,2811.0,2811.0,2811.0,2811.0,2811.0,2811.0,2811.0,2811.0,2811.0,2811.0,2811.0,2811.0,2811.0,2811.0,2811.0,2811.0,2811.0,2811.0,2811.0,2811.0,2811.0,2811.0,2811.0,2811.0,2811.0,2811.0,2811.0,2827.0,2835.0,2835.0,2835.0,2835.0,2865.0,2865.0,2865.0,2865.0,2865.0,2867.0,2867.0,2867.0,2867.0,2867.0,2867.0,2867.0,2867.0,2867.0,2867.0,2867.0,2867.0,2867.0,2867.0,2867.0,2867.0,2867.0,2867.0,2867.0,2867.0,2867.0,2867.0,2867.0,2867.0,2867.0,2867.0,2867.0,2867.0,2867.0,2867.0,2867.0,2867.0,2867.0,2867.0,2867.0,2867.0,2867.0,2867.0,2867.0,2867.0,2867.0,2867.0,2867.0,2867.0,2867.0,2867.0,2900.0,2920.0,2953.0,2953.0,2953.0,2953.0,2953.0,2971.0,2988.0,2988.0,2988.0,2988.0,2988.0,2988.0,2988.0,3003.0,3003.0,3003.0,3003.0,3003.0,3003.0,3003.0,3003.0,3003.0,3003.0,3003.0,3003.0,3003.0,3003.0,3003.0,3003.0,3003.0,3003.0,3003.0,3003.0,3026.0,3026.0,3026.0,3058.0,3117.0,3186.0,3253.0,3253.0,3253.0,3253.0,3253.0,3253.0,3253.0,3253.0,3253.0,3253.0,3253.0,3259.0,3259.0,3259.0,3259.0,3259.0,3259.0,3259.0,3259.0,3259.0,3259.0,3259.0,3259.0,3259.0,3259.0,3259.0,3259.0,3259.0,3259.0,3259.0,3259.0,3259.0,3259.0,3259.0,3259.0,3259.0,3259.0,3259.0,3259.0,3259.0,3259.0,3259.0,3259.0,3259.0,3259.0,3259.0,3259.0,3259.0,3259.0,3259.0,3259.0,3259.0,3259.0,3259.0,3259.0,3259.0,3259.0,3259.0,3259.0,3259.0,3259.0,3259.0,3259.0,3259.0,3259.0,3259.0,3259.0,3259.0,3259.0,3259.0,3259.0,3259.0,3259.0,3259.0,3259.0,3259.0,3259.0,3259.0,3259.0,3259.0,3259.0,3259.0,3259.0,3259.0,3259.0,3259.0,3259.0,3259.0,3259.0,3259.0,3259.0,3259.0,3259.0,3259.0,3259.0,3259.0,3259.0,3259.0,3259.0,3259.0,3259.0,3259.0,3259.0,3259.0,3259.0,3259.0,3259.0,3259.0,3259.0,3259.0,3259.0,3259.0,3259.0,3259.0,3259.0,3259.0,3259.0,3259.0,3259.0,3259.0,3259.0,3259.0,3259.0,3259.0,3259.0,3259.0,3259.0,3259.0,3259.0,3259.0,3259.0,3259.0,3259.0,3259.0,3259.0,3259.0,3259.0,3259.0,3259.0,3259.0,3259.0,3259.0,3259.0,3259.0,3259.0,3259.0,3259.0,3259.0,3259.0,3259.0,3259.0,3259.0,3259.0,3259.0,3259.0,3281.0,3308.0,3320.0,3435.0,3479.0,3479.0,3479.0,3479.0,3479.0,3479.0,3479.0,3479.0,3479.0,3479.0,3507.0,3544.0,3553.0,3553.0,3553.0,3553.0,3553.0,3553.0,3553.0,3553.0,3553.0,3553.0,3553.0,3553.0,3553.0,3553.0,3553.0,3553.0,3553.0,3553.0,3553.0,3553.0,3553.0,3553.0,3553.0,3553.0,3553.0,3553.0,3553.0,3579.0,3579.0,3589.0,3627.0,3674.0,3776.0,3882.0,3975.0,4078.0,4122.0,4195.0,4213.0,4265.0,4281.0,4281.0,4281.0,4310.0,4310.0,4310.0,4310.0,4310.0,4310.0,4310.0,4310.0,4333.0,4391.0,4391.0,4391.0,4391.0,4391.0,4391.0,4391.0,4391.0,4391.0,4391.0,4391.0,4391.0,4391.0,4391.0,4391.0,4391.0,4391.0,4391.0,4391.0,4391.0,4391.0,4391.0,4391.0,4391.0,4391.0,4391.0,4391.0,4404.0,4404.0,4445.0,4508.0,4540.0,4599.0,4633.0,4648.0,4699.0,4795.0,4890.0,4902.0,4902.0,4902.0,4914.0,4927.0,4927.0,4927.0,4937.0,4956.0,4956.0,4962.0,4988.0,4990.0,4990.0,4990.0,4990.0,5016.0,5016.0,5016.0,5029.0,5065.0,5117.0,5190.0,5197.0,5197.0,5225.0,5245.0,5245.0,5261.0,5269.0,5269.0,5269.0,5269.0,5269.0,5269.0,5269.0,5269.0,5269.0,5269.0,5269.0,5280.0,5280.0,5280.0,5280.0,5280.0,5305.0,5305.0,5305.0,5305.0,5309.0,5311.0,5355.0,5399.0,5415.0,5415.0,5431.0,5452.0,5452.0,5452.0,5452.0,5452.0,5452.0,5452.0,5452.0,5452.0,5452.0,5452.0,5452.0,5452.0,5452.0,5452.0,5452.0,5452.0,5452.0,5452.0,5452.0,5452.0,5452.0,5452.0,5452.0,5452.0,5452.0,5452.0,5452.0,5452.0,5452.0,5452.0,5452.0,5452.0,5452.0,5452.0,5452.0,5452.0,5452.0,5452.0,5452.0,5452.0,5452.0,5452.0,5452.0,5452.0,5452.0,5452.0,5452.0,5452.0,5452.0,5452.0,5452.0,5452.0,5452.0,5452.0,5456.0,5456.0,5456.0,5456.0,5456.0,5456.0,5456.0,5456.0,5456.0,5456.0,5456.0,5456.0,5456.0,5456.0,5456.0,5456.0,5456.0,5516.0,5537.0,5581.0,5591.0,5591.0,5591.0,5591.0,5591.0,5591.0,5607.0,5607.0,5620.0,5620.0,5681.0,5762.0,5775.0,5775.0,5775.0,5775.0,5775.0,5775.0,5775.0,5775.0,5775.0,5775.0,5775.0,5775.0,5775.0,5775.0,5775.0,5775.0,5775.0,5775.0,5775.0,5775.0,5775.0,5775.0,5775.0,5775.0,5775.0,5775.0,5775.0,5775.0,5775.0,5775.0,5775.0,5775.0,5775.0,5775.0,5775.0,5775.0,5775.0,5775.0,5775.0,5775.0,5775.0,5775.0,5775.0,5775.0,5775.0,5775.0,5775.0,5775.0,5775.0,5775.0,5775.0,5775.0,,,,,,,,,,,,,,,,,,,,,,,,,,,,,,,,,,,,,,,,,,,,,,,,,,,,,,,,,,,,,,,,,,,,,,,,,,,,,,,,,,,,,,,,,,,,,,,,,,,,,,,,,,,,,,,,,,,,,,,,,,,,,,,,,,,,,,,,,,,,,,,,,,,,,,,,,,,,,,,,,,,,,,,,,,,,,,,,,,,,,,,,,,,,,,,,,,,,,,,,,,,,,,,,
2020-05-23,ios,,,,,,,,,,,,,,,,,,,,,,,,,,,,,,,,,,,,,,,,,,,,,,,,,,,,,,,,,,,,,,,,,,,,,,,,,,,,,,,,,,,,,,,,,,,,,,,,,,,,,,,,,,,,,,,,,,,,,,,,,,,,,,,,,,,,,,,,,,,,,,,,,,,,,,,,,,,,,,,,,,,,,,,,,,,,,,,,,,,,,,,,,,,,,,,,,,,,,,,,,,,,,,,,,,,,,,,,,,,,,,,,,,,,,,,,,,,,,,,,,,,,,,,,,,,,,,,,,,,,,,,,,,,,,,,,,,,,,,,,,,,,,,,,,,,,,,,,,,,,,,,,,,,,,,,,,,,,,,,,,,,,,,,,,,,,,,,,,,,,,,,,,,,,,,,,,,,,,,,,,,,,,,,,,,,,,,,,,,,,,,,,,,,,,,,,,,,,,,,,,,,,,,,,,,,,,,,,,,,,,,,,,,,,,,,,,,,,,,,,,,,,,,,,,,,,,,,,,,,,,,,,,,,,,,,,,,5.0,5.0,5.0,5.0,5.0,5.0,5.0,5.0,5.0,5.0,5.0,5.0,5.0,5.0,5.0,5.0,5.0,5.0,5.0,5.0,5.0,5.0,5.0,5.0,5.0,5.0,5.0,5.0,5.0,5.0,5.0,5.0,5.0,5.0,5.0,5.0,5.0,5.0,5.0,5.0,5.0,5.0,9.0,9.0,88.0,167.0,248.0,334.0,431.0,486.0,486.0,494.0,494.0,505.0,507.0,511.0,511.0,511.0,511.0,511.0,511.0,511.0,511.0,547.0,623.0,624.0,624.0,624.0,624.0,624.0,624.0,662.0,665.0,696.0,696.0,696.0,696.0,696.0,696.0,696.0,696.0,696.0,696.0,696.0,696.0,696.0,696.0,696.0,696.0,696.0,696.0,696.0,696.0,696.0,696.0,696.0,696.0,709.0,733.0,763.0,763.0,763.0,763.0,763.0,763.0,763.0,763.0,763.0,763.0,763.0,763.0,763.0,763.0,763.0,763.0,763.0,763.0,826.0,827.0,856.0,947.0,1027.0,1127.0,1208.0,1289.0,1356.0,1411.0,1487.0,1571.0,1652.0,1727.0,1813.0,1870.0,1961.0,1977.0,2026.0,2100.0,2183.0,2280.0,2372.0,2472.0,2564.0,2660.0,2728.0,2799.0,2824.0,2923.0,3026.0,3058.0,3058.0,3078.0,3103.0,3204.0,3307.0,3389.0,3472.0,3570.0,3668.0,3762.0,3845.0,3905.0,3954.0,4008.0,4046.0,4046.0,4087.0,4127.0,4156.0,4174.0,4174.0,4174.0,4188.0,4198.0,4198.0,4198.0,4198.0,4236.0,4236.0,4236.0,4254.0,4268.0,4270.0,4332.0,4379.0,4401.0,4481.0,4577.0,4674.0,4782.0,4873.0,4897.0,4921.0,4952.0,4989.0,5088.0,5193.0,5301.0,5390.0,5488.0,5594.0,5700.0,5784.0,5886.0,5994.0,6016.0,6069.0,6069.0,6069.0,6069.0,6069.0,6069.0,6069.0,6069.0,6069.0,6069.0,6069.0,6069.0,6069.0,6069.0,6069.0,6069.0,6069.0,6069.0,6069.0,6069.0,6069.0,6069.0,6069.0,6069.0,6069.0,6069.0,6069.0,6069.0,6069.0,6069.0,6069.0,6069.0,6069.0,6069.0,6069.0,6069.0,6069.0,6069.0,6069.0,6069.0,6069.0,6069.0,6069.0,6069.0,6069.0,6069.0,6069.0,6069.0,6069.0,6069.0,6079.0,6112.0,6152.0,6162.0,6162.0,6162.0,6162.0,6162.0,6162.0,6207.0,6297.0,6324.0,6324.0,6324.0,6324.0,6324.0,6324.0,6324.0,6324.0,6324.0,6324.0,6324.0,6324.0,6324.0,6324.0,6324.0,6324.0,6336.0,6336.0,6336.0,6336.0,6336.0,6336.0,6336.0,6336.0,6336.0,6336.0,6336.0,6336.0,6336.0,6336.0,6351.0,6368.0,6388.0,6388.0,6396.0,6396.0,6492.0,6567.0,6567.0,6567.0,6567.0,6567.0,6567.0,6567.0,6567.0,6567.0,6595.0,6595.0,6621.0,6670.0,6681.0,6700.0,6700.0,6700.0,6700.0,6701.0,6803.0,6814.0,6866.0,6876.0,6876.0,6904.0,6904.0,6904.0,6904.0,6904.0,6904.0,6904.0,6941.0,7039.0,7064.0,7064.0,7064.0,7064.0,7064.0,7064.0,7064.0,7064.0,7064.0,7064.0,7064.0,7064.0,7064.0,7064.0,7064.0,7064.0,7064.0,7064.0,7064.0,7064.0,7064.0,7064.0,7064.0,7064.0,7064.0,7064.0,7064.0,7064.0,7064.0,7064.0,7064.0,7064.0,7064.0,7064.0,7064.0,7064.0,7064.0,7064.0,7064.0,7064.0,7064.0,7064.0,7064.0,7064.0,7064.0,7064.0,7064.0,7064.0,7064.0,7064.0,7064.0,7064.0,7064.0,7064.0,7064.0,7064.0,7064.0,7064.0,7064.0,7064.0,7064.0,7064.0,7064.0,7064.0,7064.0,7064.0,7064.0,7064.0,7064.0,7064.0,7064.0,7064.0,7064.0,7064.0,7064.0,7064.0,7064.0,7064.0,7064.0,7064.0,7064.0,7064.0,7064.0,7064.0,7064.0,7064.0,7064.0,7064.0,7064.0,7064.0,7064.0,7064.0,7064.0,7064.0,7064.0,7064.0,7064.0,7064.0,7064.0,7064.0,7064.0,7078.0,7169.0,7235.0,7235.0,7321.0,7386.0,7424.0,7529.0,7563.0,7563.0,7563.0,7563.0,7563.0,7563.0,7563.0,7563.0,7563.0,7563.0,7563.0,7563.0,7563.0,7563.0,7578.0,7685.0,7741.0,7741.0,7741.0,7741.0,7741.0,7741.0,7827.0,7846.0,7846.0,7846.0,7846.0,7846.0,7886.0,7984.0,8104.0,8206.0,8273.0,8327.0,8327.0,8327.0,8327.0,8327.0,8363.0,8489.0,8597.0,8716.0,8744.0,8744.0,8831.0,8879.0,8920.0,8922.0,8922.0,8922.0,8922.0,8922.0,8922.0,8922.0,8922.0,8922.0,8922.0,8922.0,8922.0,8922.0,8922.0,8922.0,8922.0,8922.0,8922.0,8922.0,8922.0,8922.0,8922.0,8922.0,8922.0,8922.0,8922.0,8922.0,8922.0,8922.0,8922.0,8922.0,8922.0,8922.0,8922.0,8922.0,8922.0,8922.0,8922.0,8922.0,8922.0,8922.0,8922.0,8922.0,8922.0,8922.0,8922.0,8922.0,8922.0,8922.0,8922.0,8922.0,8922.0,8922.0,8922.0,8922.0,8922.0,8922.0,8922.0,8922.0,8922.0,8922.0,8922.0,8922.0,8922.0,8922.0,8922.0,8922.0,8922.0,8922.0,8964.0,8964.0,8964.0,8964.0,8964.0,9009.0,9009.0,9009.0,9009.0,9009.0,9023.0,9023.0,9023.0,9023.0,9023.0,9023.0,9023.0,9023.0,9023.0,9023.0,9023.0,9023.0,9023.0,9023.0,9023.0,9023.0,9023.0,9023.0,,,,,,,,,,,,,,,,,,,,,,,,,,,,,,,,,,,,,,,,,,,,,,,,,,,,,,,,,,,,,,,,,,,,,,,,,,,,,,,,,,,,,,,,,,,,,,,,,,,,,,,,,,,,,,,,,,,,,,,,,,,,,,,,,,,,,,,,,,,,,,,,,,,,,,,,,,,,,,,,,,,,,,,,,,,,,,,,,,,,,,,,,,,,,,,,,,,,,,,,,,,,,,,,,,,,,,,,,,,,,,,,,,,,,,,,,,,,,,,,,,,,,,,,,,,,,,,,,,,,,,,,,,,,,,,,,,,,,,,,,,,,,,,,,,,,,,,,,,,,,,,,,,,,,,,,,,,,,,,,,,,,,,,,,,,,,,,,,,,,,,,,,,,,,,,,,,,,,,,,,,,,,,,,,,,,,,,,,,
2020-05-24,ios,,,,,,,,,,,,,,,,,,,,,,,,,,,,,,,,,,,,,,,,,,,,,,,,,,,,,,,,,,,,,,,,,,,,,,,,,,,,,,,,,,,,,,,,,,,,,,,,,,,,,,,,,,,,,,,,,,,,,,,,,,,,,,,,,,,,,,,,,,,,,,,,,,,,,,,,,,,,,,,,,,,,,,,,,,,,,,,,,,,,,,,,,,,,,,,,,,,,,,,,,,,,,,,,,,,,,,,,,,,,,,,,,,,,,,,,,,,,,,,,,,,,,,,,,,,,,,,,,,,,,,,,,,,,,,,,,,,,,,,,,,,,,,,,,,,,,,,,,,,,,,,,,,,,,,,,,,,,,,,,,,,,,,,,,,,,,,,,,,,,,,,,,,,,,,,,,,,,,,,,,,,,,,,,,,,,,,,,,,,,,,,,,,,,,,,,,,,,,,,,,,7.0,8.0,8.0,8.0,8.0,8.0,8.0,8.0,8.0,8.0,8.0,8.0,8.0,8.0,8.0,8.0,8.0,8.0,8.0,8.0,8.0,8.0,8.0,8.0,8.0,8.0,8.0,8.0,8.0,8.0,8.0,8.0,8.0,8.0,8.0,8.0,8.0,8.0,8.0,8.0,8.0,8.0,8.0,8.0,8.0,8.0,8.0,8.0,8.0,8.0,8.0,8.0,8.0,8.0,8.0,8.0,8.0,8.0,8.0,8.0,8.0,8.0,8.0,8.0,8.0,8.0,8.0,8.0,8.0,8.0,8.0,8.0,8.0,8.0,8.0,8.0,8.0,8.0,8.0,8.0,8.0,8.0,8.0,8.0,8.0,8.0,8.0,8.0,8.0,8.0,8.0,8.0,8.0,8.0,8.0,8.0,8.0,8.0,8.0,8.0,8.0,8.0,8.0,24.0,24.0,40.0,40.0,40.0,40.0,40.0,40.0,40.0,40.0,40.0,40.0,40.0,40.0,40.0,40.0,40.0,40.0,40.0,40.0,40.0,40.0,40.0,40.0,40.0,40.0,40.0,40.0,40.0,40.0,40.0,40.0,40.0,40.0,40.0,40.0,40.0,40.0,40.0,40.0,40.0,40.0,40.0,40.0,40.0,40.0,40.0,40.0,40.0,40.0,40.0,40.0,40.0,40.0,40.0,48.0,48.0,48.0,48.0,48.0,48.0,48.0,48.0,48.0,48.0,48.0,48.0,48.0,48.0,48.0,48.0,48.0,48.0,48.0,48.0,48.0,48.0,48.0,48.0,48.0,48.0,48.0,48.0,48.0,48.0,48.0,48.0,48.0,48.0,48.0,48.0,48.0,48.0,48.0,48.0,48.0,48.0,48.0,48.0,52.0,84.0,94.0,131.0,213.0,259.0,259.0,259.0,259.0,259.0,259.0,259.0,263.0,266.0,313.0,330.0,344.0,345.0,345.0,345.0,376.0,376.0,376.0,406.0,406.0,406.0,406.0,406.0,406.0,448.0,489.0,489.0,536.0,613.0,692.0,784.0,784.0,871.0,938.0,1005.0,1061.0,1138.0,1222.0,1289.0,1337.0,1436.0,1535.0,1635.0,1735.0,1818.0,1920.0,2026.0,2125.0,2227.0,2329.0,2422.0,2487.0,2561.0,2587.0,2597.0,2632.0,2640.0,2640.0,2687.0,2687.0,2687.0,2709.0,2724.0,2758.0,2758.0,2794.0,2848.0,2905.0,2952.0,2983.0,2983.0,2983.0,3021.0,3043.0,3065.0,3133.0,3148.0,3150.0,3187.0,3203.0,3300.0,3306.0,3306.0,3306.0,3306.0,3306.0,3337.0,3394.0,3431.0,3535.0,3625.0,3738.0,3848.0,3956.0,4066.0,4177.0,4290.0,4400.0,4511.0,4621.0,4672.0,4784.0,4895.0,5004.0,5089.0,5097.0,5128.0,5141.0,5185.0,5185.0,5185.0,5185.0,5185.0,5185.0,5185.0,5185.0,5185.0,5185.0,5185.0,5185.0,5185.0,5185.0,5185.0,5185.0,5185.0,5185.0,5185.0,5185.0,5185.0,5185.0,5185.0,5185.0,5185.0,5185.0,5185.0,5185.0,5185.0,5185.0,5185.0,5185.0,5185.0,5185.0,5185.0,5185.0,5185.0,5185.0,5185.0,5185.0,5185.0,5185.0,5185.0,5185.0,5185.0,5185.0,5185.0,5185.0,5185.0,5185.0,5185.0,5185.0,5185.0,5185.0,5185.0,5185.0,5185.0,5185.0,5185.0,5185.0,5185.0,5185.0,5185.0,5185.0,5185.0,5195.0,5197.0,5233.0,5267.0,5289.0,5289.0,5289.0,5289.0,5289.0,5289.0,5289.0,5289.0,5343.0,5416.0,5462.0,5488.0,5491.0,5491.0,5491.0,5491.0,5491.0,5491.0,5491.0,5491.0,5491.0,5491.0,5491.0,5491.0,5491.0,5491.0,5491.0,5491.0,5491.0,5491.0,5491.0,5491.0,5491.0,5491.0,5491.0,5491.0,5491.0,5491.0,5491.0,5491.0,5491.0,5491.0,5491.0,5491.0,5491.0,5491.0,5491.0,5491.0,5491.0,5491.0,5491.0,5491.0,5491.0,5491.0,5491.0,5491.0,5491.0,5491.0,5491.0,5491.0,5491.0,5491.0,5491.0,5491.0,5491.0,5491.0,5491.0,5491.0,5491.0,5491.0,5491.0,5491.0,5491.0,5491.0,5491.0,5491.0,5491.0,5491.0,5491.0,5491.0,5491.0,5491.0,5491.0,5491.0,5491.0,5491.0,5491.0,5491.0,5491.0,5491.0,5491.0,5491.0,5491.0,5491.0,5491.0,5491.0,5491.0,5491.0,5491.0,5491.0,5491.0,5491.0,5491.0,5491.0,5491.0,5491.0,5491.0,5491.0,5491.0,5491.0,5491.0,5491.0,5491.0,5491.0,5491.0,5491.0,5491.0,5491.0,5491.0,5491.0,5491.0,5491.0,5491.0,5491.0,5491.0,5491.0,5491.0,5491.0,5491.0,5491.0,5491.0,5491.0,5491.0,5491.0,5491.0,5491.0,5491.0,5491.0,5491.0,5491.0,5491.0,5491.0,5491.0,5491.0,5491.0,5491.0,5491.0,5491.0,5491.0,5491.0,5491.0,5491.0,5491.0,5491.0,5491.0,5491.0,5491.0,5491.0,5491.0,5491.0,5491.0,5491.0,5491.0,5491.0,5491.0,5491.0,5491.0,5491.0,5491.0,5491.0,5491.0,5491.0,5491.0,5491.0,5491.0,5491.0,5491.0,5491.0,5491.0,5491.0,5491.0,5491.0,5491.0,5491.0,5491.0,5491.0,5491.0,5491.0,5491.0,5491.0,5501.0,5528.0,5598.0,5688.0,5765.0,5867.0,5970.0,6069.0,6161.0,6194.0,6237.0,6252.0,6258.0,6294.0,6310.0,6404.0,6517.0,6558.0,6587.0,6588.0,6588.0,6588.0,6588.0,6588.0,6588.0,6588.0,6588.0,6588.0,6620.0,6634.0,6716.0,6806.0,6892.0,6944.0,7023.0,7114.0,7206.0,7302.0,7399.0,7495.0,7567.0,7661.0,7755.0,7839.0,7935.0,8036.0,8054.0,8054.0,8054.0,8054.0,8054.0,8067.0,8166.0,8239.0,8344.0,8443.0,8472.0,8547.0,8571.0,8659.0,8694.0,8694.0,8727.0,8771.0,8843.0,8918.0,8992.0,9006.0,9019.0,9092.0,9153.0,9186.0,9248.0,9266.0,9286.0,9286.0,9308.0,9339.0,9402.0,9466.0,9521.0,9521.0,9546.0,9598.0,9649.0,9686.0,9699.0,9708.0,9708.0,9752.0,9836.0,9882.0,9909.0,9909.0,9909.0,9929.0,9933.0,9933.0,9933.0,9933.0,,,,,,,,,,,,,,,,,,,,,,,,,,,,,,,,,,,,,,,,,,,,,,,,,,,,,,,,,,,,,,,,,,,,,,,,,,,,,,,,,,,,,,,,,,,,,,,,,,,,,,,,,,,,,,,,,,,,,,,,,,,,,,,,,,,,,,,,,,,,,,,,,,,,,,,,,,,,,,,,,,,,,,,,,,,,,,,,,,,,,,,,,,,,,,,,,,,,,,,,,,,,,,,,,,,,,,,,,,,,,,,,,,,,,,,,,,,,,,,,,,,,,,,,,,,,,,,,,,,,,,,,,,,,,,,,,,,,,,,,,,,,,,,,,,,,,,,,,,,,,,,,,,,,,,,,,,,,,,,,,,,,,,,,,,,,,,,,,,,,,,,,,,,,,,,,,,,,,,,,,,,,,
2020-05-25,ios,,,,,,,,,,,,,,,,,,,,,,,,,,,,,,,,,,,,,,,,,,,,,,,,,,,,,,,,,,,,,,,,,,,,,,,,,,,,,,,,,,,,,,,,,,,,,,,,,,,,,,,,,,,,,,,,,,,,,,,,,,,,,,,,,,,,,,,,,,,,,,,,,,,,,,,,,,,,,,,,,,,,,,,,,,,,,,,,,,,,,,,,,,,,,,,,,,,,,,,,,,,,,,,,,,,,,,,,,,,,,,,,,,,,,,,,,,,,,,,,,,,,,,,,,,,,,,,,,,,,,,,,,,,,,,,,,,,,,,,,,,,,,,,,,,,,,,,,,,,,,,,,,,,,,,,,,,,,,,,,,,,,,,,,,,,,,,,,,,,,,,,,,,,,,,,,,,,,,,,,,,,,,,,,,,,,,,,,,,,,,,,,,,,,,,,,,,,,,,,,,,,,,,,,,,,,,,,,,,,,,,,,,,,,,,,,,,,,,,,,,,,,,,16.0,16.0,16.0,16.0,16.0,16.0,16.0,16.0,16.0,16.0,16.0,16.0,16.0,16.0,16.0,16.0,16.0,16.0,16.0,16.0,16.0,16.0,16.0,17.0,17.0,17.0,17.0,17.0,17.0,17.0,25.0,110.0,206.0,236.0,236.0,236.0,236.0,236.0,236.0,236.0,236.0,236.0,236.0,236.0,236.0,236.0,236.0,236.0,236.0,236.0,250.0,277.0,309.0,328.0,328.0,328.0,328.0,328.0,328.0,328.0,328.0,328.0,328.0,353.0,439.0,439.0,532.0,581.0,581.0,581.0,581.0,581.0,581.0,581.0,581.0,581.0,581.0,581.0,581.0,581.0,581.0,581.0,581.0,581.0,581.0,581.0,581.0,581.0,581.0,581.0,581.0,581.0,581.0,581.0,581.0,581.0,581.0,581.0,581.0,581.0,581.0,581.0,581.0,581.0,581.0,581.0,581.0,581.0,581.0,581.0,581.0,619.0,630.0,630.0,630.0,630.0,630.0,691.0,702.0,702.0,702.0,702.0,702.0,702.0,702.0,702.0,702.0,702.0,702.0,702.0,702.0,702.0,702.0,702.0,702.0,702.0,702.0,702.0,702.0,702.0,702.0,702.0,702.0,702.0,702.0,702.0,702.0,702.0,702.0,702.0,702.0,702.0,702.0,702.0,702.0,702.0,702.0,702.0,702.0,702.0,702.0,702.0,702.0,702.0,702.0,702.0,702.0,702.0,702.0,702.0,702.0,702.0,702.0,702.0,702.0,702.0,702.0,702.0,702.0,702.0,702.0,702.0,702.0,702.0,702.0,702.0,702.0,702.0,702.0,702.0,702.0,702.0,702.0,702.0,702.0,702.0,702.0,702.0,702.0,702.0,702.0,702.0,702.0,702.0,702.0,702.0,702.0,702.0,702.0,702.0,702.0,702.0,702.0,702.0,702.0,702.0,702.0,702.0,702.0,702.0,702.0,702.0,702.0,702.0,702.0,702.0,702.0,702.0,702.0,702.0,702.0,702.0,702.0,702.0,702.0,702.0,702.0,702.0,702.0,702.0,702.0,702.0,702.0,702.0,702.0,702.0,702.0,702.0,702.0,702.0,702.0,702.0,757.0,872.0,989.0,1110.0,1230.0,1332.0,1338.0,1338.0,1338.0,1338.0,1338.0,1338.0,1351.0,1351.0,1351.0,1351.0,1351.0,1351.0,1351.0,1351.0,1351.0,1351.0,1351.0,1351.0,1351.0,1351.0,1351.0,1378.0,1458.0,1572.0,1685.0,1801.0,1912.0,2027.0,2127.0,2170.0,2286.0,2402.0,2517.0,2631.0,2745.0,2759.0,2781.0,2781.0,2781.0,2781.0,2781.0,2818.0,2918.0,2978.0,3093.0,3142.0,3142.0,3242.0,3331.0,3356.0,3474.0,3589.0,3705.0,3762.0,3880.0,3996.0,4113.0,4152.0,4261.0,4370.0,4488.0,4605.0,4709.0,4718.0,4718.0,4718.0,4718.0,4718.0,4718.0,4718.0,4718.0,4718.0,4718.0,4718.0,4718.0,4718.0,4718.0,4718.0,4718.0,4718.0,4718.0,4718.0,4718.0,4718.0,4718.0,4718.0,4718.0,4718.0,4718.0,4718.0,4718.0,4718.0,4718.0,4718.0,4718.0,4718.0,4718.0,4718.0,4718.0,4718.0,4718.0,4718.0,4718.0,4718.0,4718.0,4718.0,4718.0,4718.0,4718.0,4718.0,4718.0,4718.0,4718.0,4751.0,4756.0,4766.0,4766.0,4766.0,4766.0,4766.0,4796.0,4801.0,4801.0,4801.0,4801.0,4801.0,4801.0,4801.0,4801.0,4801.0,4801.0,4801.0,4801.0,4801.0,4801.0,4801.0,4809.0,4809.0,4809.0,4809.0,4809.0,4809.0,4809.0,4809.0,4809.0,4809.0,4809.0,4809.0,4809.0,4809.0,4809.0,4809.0,4809.0,4809.0,4809.0,4809.0,4809.0,4809.0,4809.0,4809.0,4809.0,4809.0,4809.0,4809.0,4809.0,4809.0,4809.0,4809.0,4809.0,4809.0,4809.0,4809.0,4809.0,4809.0,4809.0,4809.0,4809.0,4809.0,4809.0,4809.0,4809.0,4809.0,4809.0,4809.0,4809.0,4809.0,4809.0,4809.0,4809.0,4809.0,4809.0,4809.0,4809.0,4809.0,4809.0,4809.0,4809.0,4809.0,4809.0,4809.0,4809.0,4809.0,4809.0,4809.0,4809.0,4809.0,4809.0,4809.0,4809.0,4809.0,4809.0,4809.0,4809.0,4809.0,4809.0,4809.0,4809.0,4809.0,4809.0,4809.0,4809.0,4809.0,4809.0,4809.0,4826.0,4864.0,4864.0,4866.0,4927.0,4927.0,4927.0,4927.0,4927.0,4927.0,4927.0,4927.0,4927.0,4927.0,4927.0,4927.0,4927.0,4927.0,4927.0,4927.0,4927.0,4927.0,4927.0,4927.0,4927.0,4927.0,4927.0,4927.0,4927.0,4927.0,4927.0,4927.0,4927.0,4927.0,4927.0,4927.0,4927.0,4927.0,4927.0,4927.0,4927.0,4927.0,4927.0,4927.0,4927.0,4927.0,4927.0,4927.0,4927.0,4927.0,4927.0,4927.0,4927.0,4927.0,4927.0,4927.0,4927.0,4927.0,4927.0,4927.0,4927.0,4927.0,4927.0,4927.0,4927.0,4927.0,4927.0,4927.0,4927.0,4927.0,4927.0,4927.0,4927.0,4927.0,4927.0,4927.0,4927.0,4927.0,4927.0,4927.0,4927.0,4927.0,4927.0,4927.0,4927.0,4927.0,4927.0,4927.0,4927.0,4927.0,4927.0,4927.0,4927.0,4927.0,4927.0,4927.0,4927.0,4927.0,4965.0,5008.0,5008.0,5008.0,5008.0,5008.0,5008.0,5008.0,5008.0,5008.0,5008.0,5008.0,5008.0,5008.0,5008.0,5008.0,5009.0,5026.0,5054.0,5054.0,5054.0,5054.0,5054.0,5054.0,5054.0,5054.0,5054.0,5054.0,5054.0,5054.0,5054.0,5054.0,5054.0,5054.0,5054.0,5054.0,5054.0,5054.0,5054.0,5054.0,5054.0,5054.0,5054.0,5054.0,5063.0,5074.0,5076.0,5092.0,5092.0,5092.0,5092.0,5092.0,5092.0,5092.0,5092.0,5092.0,5092.0,5092.0,5092.0,5092.0,5092.0,5092.0,5092.0,5092.0,5092.0,5092.0,5092.0,5092.0,5092.0,5092.0,5092.0,5092.0,5092.0,5092.0,5092.0,5092.0,5092.0,5092.0,5092.0,5092.0,5092.0,5092.0,5092.0,5092.0,5092.0,5092.0,5092.0,5092.0,5092.0,5092.0,5092.0,5092.0,5092.0,5092.0,5092.0,5092.0,5092.0,5092.0,5092.0,5092.0,5092.0,5092.0,5092.0,5092.0,5092.0,5092.0,5092.0,5092.0,5092.0,5092.0,5092.0,5092.0,5092.0,5092.0,5092.0,5092.0,5092.0,5092.0,5109.0,5109.0,5109.0,5109.0,5109.0,5109.0,5109.0,5109.0,5109.0,5109.0,5109.0,5109.0,5109.0,5198.0,5267.0,5267.0,5267.0,5267.0,5267.0,5267.0,5267.0,5267.0,5267.0,5267.0,5269.0,5275.0,5275.0,5275.0,5275.0,5275.0,5275.0,5275.0,5275.0,5275.0,5275.0,5275.0,5275.0,5275.0,5275.0,5275.0,5275.0,5275.0,5275.0,5275.0,5285.0,5285.0,5285.0,5285.0,5285.0,5285.0,5285.0,5285.0,5285.0,5285.0,5285.0,5285.0,5285.0,5285.0,5285.0,5285.0,5285.0,5285.0,5285.0,5285.0,5285.0,5285.0,5285.0,5285.0,5285.0,5285.0,5285.0,5285.0,5285.0,5285.0,5285.0,5285.0,5285.0,5285.0,5285.0,5285.0,5285.0,5285.0,5285.0,5285.0,5285.0,5285.0,5285.0,5285.0,5285.0,5285.0,5285.0,5285.0,5285.0,5285.0,5285.0,5285.0,5285.0,5285.0,5285.0,5285.0,5285.0,5285.0,5285.0,5285.0,5285.0,5285.0,5285.0,5285.0,5285.0,5285.0,5285.0,5285.0,5285.0,5285.0,5285.0,5285.0,5285.0,5285.0,5285.0,5285.0,5285.0,5285.0,5285.0,5285.0,5285.0,5285.0,5285.0,5285.0,5285.0,5285.0,5285.0,5285.0,5285.0,5285.0,5285.0,5285.0,5285.0,5285.0,5285.0,5285.0,5285.0,5285.0,5285.0,5285.0,5285.0,5285.0,5285.0,5285.0,5285.0,5285.0,5285.0,5285.0,5285.0,5285.0,5285.0,5285.0,5285.0,5285.0,5285.0,5285.0,5285.0,5285.0,5285.0,5285.0,5285.0,5285.0,5285.0,5285.0,5285.0,5285.0,5285.0,5285.0,5285.0,5285.0,5285.0,5285.0,5285.0,5285.0,5285.0,5285.0,5285.0,5285.0,5285.0,5285.0,5285.0,5285.0,5285.0,5285.0,5285.0,5307.0,5345.0,5367.0,5434.0,,,,,,,,,,,,,,,,,,,,,,,,,,,,,,,,,,,,,,,,,,,,,,,,,,,,,,,,,,,,,,,,,,,,,,,,,,,,,,,,,,,,,,,,,,,,,,,,,,,,,,,,
2020-05-26,ios,,,,,,,,,,,,,,,,,,,,,,,,,,,,,,,,,,,,,,,,,,,,,,,,,,,,,,,,,,,,,,,,,,,,,,,,,,,,,,,,,,,,,,,,,,,,,,,,,,,,,,,,,,,,,,,,,,,,,,,,,,,,,,,,,,,,,,,,,,,,,,,,,,,,,,,,,,,,,,,,,,,,,,,,,,,,,,,,,,,,,,,,,,,,,,,,,,,,,,,,,,,,,,,,,,,,,,,,,,,,,,,,,,,,,,,,,,,,,,,,,,,,,,,,,,,,,,,,,,,,,,,,,,,,,,,,,,,,,,,,,,,,,,,,,,,,,,,,,,,,,,,,,,,,,,,,,,,,,,,,,,,,,,,,,,,,,,,,,,,,,,,,,,,,,,,,,,,,,,,,,,,,,,,,,,,,,,,,,,,,,,,,,,,,,,,,,,,,,,,,,,,,,,,,,,,,,,,,,,,,,,,,,,,,,,,,,,,,,,,,,,,,,,,,,,,,,,,,,,,,,,,,,,,,14.0,25.0,123.0,161.0,167.0,167.0,167.0,167.0,167.0,169.0,173.0,173.0,173.0,173.0,173.0,173.0,173.0,173.0,173.0,173.0,173.0,173.0,173.0,196.0,235.0,235.0,235.0,235.0,235.0,235.0,235.0,235.0,235.0,235.0,235.0,235.0,313.0,344.0,344.0,412.0,484.0,490.0,490.0,490.0,490.0,490.0,490.0,490.0,490.0,490.0,490.0,490.0,490.0,490.0,490.0,490.0,490.0,490.0,490.0,490.0,490.0,490.0,490.0,490.0,490.0,490.0,490.0,490.0,490.0,490.0,490.0,490.0,490.0,490.0,490.0,490.0,490.0,490.0,490.0,490.0,490.0,490.0,490.0,490.0,490.0,490.0,490.0,490.0,490.0,490.0,490.0,490.0,490.0,490.0,490.0,490.0,490.0,490.0,490.0,490.0,490.0,490.0,490.0,490.0,490.0,490.0,490.0,490.0,490.0,490.0,490.0,490.0,490.0,490.0,490.0,490.0,490.0,490.0,490.0,490.0,490.0,490.0,490.0,490.0,490.0,490.0,490.0,490.0,490.0,490.0,490.0,490.0,490.0,490.0,490.0,490.0,490.0,490.0,490.0,490.0,490.0,490.0,490.0,490.0,490.0,490.0,490.0,490.0,490.0,490.0,490.0,490.0,490.0,490.0,490.0,490.0,490.0,490.0,490.0,490.0,490.0,490.0,490.0,490.0,490.0,490.0,490.0,490.0,490.0,490.0,490.0,490.0,490.0,490.0,490.0,490.0,490.0,490.0,490.0,490.0,490.0,490.0,490.0,490.0,490.0,490.0,490.0,490.0,490.0,490.0,490.0,490.0,490.0,490.0,490.0,490.0,490.0,490.0,490.0,490.0,490.0,490.0,490.0,490.0,490.0,490.0,490.0,490.0,490.0,490.0,490.0,490.0,490.0,490.0,490.0,490.0,490.0,490.0,490.0,490.0,490.0,490.0,490.0,490.0,490.0,490.0,490.0,490.0,490.0,490.0,490.0,558.0,676.0,791.0,908.0,1027.0,1145.0,1149.0,1149.0,1149.0,1149.0,1149.0,1149.0,1177.0,1262.0,1262.0,1262.0,1262.0,1262.0,1262.0,1262.0,1262.0,1262.0,1262.0,1262.0,1262.0,1262.0,1262.0,1330.0,1446.0,1562.0,1680.0,1798.0,1916.0,2033.0,2150.0,2177.0,2177.0,2244.0,2354.0,2467.0,2571.0,2674.0,2704.0,2704.0,2795.0,2896.0,2998.0,2998.0,3111.0,3225.0,3339.0,3451.0,3484.0,3502.0,3574.0,3621.0,3736.0,3841.0,3884.0,4000.0,4114.0,4226.0,4337.0,4422.0,4427.0,4427.0,4427.0,4427.0,4427.0,4427.0,4427.0,4427.0,4427.0,4427.0,4427.0,4427.0,4427.0,4427.0,4427.0,4427.0,4427.0,4427.0,4427.0,4427.0,4470.0,4535.0,4601.0,4655.0,4708.0,4772.0,4823.0,4888.0,4952.0,4974.0,5043.0,5046.0,5046.0,5046.0,5046.0,5046.0,5046.0,5046.0,5046.0,5046.0,5046.0,5046.0,5046.0,5046.0,5046.0,5046.0,5046.0,5046.0,5046.0,5046.0,5046.0,5046.0,5046.0,5046.0,5046.0,5046.0,5046.0,5046.0,5046.0,5046.0,5046.0,5046.0,5046.0,5046.0,5046.0,5046.0,5046.0,5046.0,5046.0,5046.0,5046.0,5046.0,5046.0,5046.0,5046.0,5046.0,5046.0,5046.0,5046.0,5046.0,5046.0,5046.0,5046.0,5046.0,5046.0,5046.0,5046.0,5046.0,5046.0,5046.0,5046.0,5046.0,5046.0,5046.0,5046.0,5046.0,5046.0,5046.0,5046.0,5046.0,5046.0,5046.0,5046.0,5046.0,5046.0,5046.0,5046.0,5046.0,5046.0,5046.0,5046.0,5046.0,5046.0,5046.0,5046.0,5046.0,5046.0,5046.0,5046.0,5046.0,5046.0,5046.0,5046.0,5046.0,5046.0,5046.0,5046.0,5046.0,5046.0,5046.0,5046.0,5046.0,5046.0,5046.0,5046.0,5046.0,5046.0,5046.0,5046.0,5046.0,5046.0,5046.0,5046.0,5046.0,5046.0,5046.0,5046.0,5046.0,5046.0,5046.0,5046.0,5046.0,5046.0,5046.0,5046.0,5046.0,5046.0,5046.0,5046.0,5046.0,5046.0,5046.0,5046.0,5046.0,5046.0,5046.0,5046.0,5046.0,5046.0,5046.0,5046.0,5046.0,5046.0,5046.0,5046.0,5046.0,5046.0,5046.0,5046.0,5046.0,5046.0,5046.0,5046.0,5046.0,5046.0,5046.0,5046.0,5046.0,5046.0,5046.0,5046.0,5046.0,5046.0,5046.0,5046.0,5046.0,5046.0,5046.0,5046.0,5046.0,5046.0,5046.0,5046.0,5046.0,5046.0,5046.0,5046.0,5046.0,5046.0,5046.0,5046.0,5046.0,5046.0,5046.0,5046.0,5046.0,5046.0,5046.0,5046.0,5046.0,5046.0,5046.0,5046.0,5046.0,5046.0,5046.0,5046.0,5046.0,5046.0,5046.0,5046.0,5046.0,5046.0,5046.0,5046.0,5046.0,5046.0,5046.0,5046.0,5046.0,5046.0,5046.0,5046.0,5046.0,5046.0,5046.0,5046.0,5046.0,5046.0,5046.0,5046.0,5046.0,5046.0,5046.0,5046.0,5046.0,5046.0,5046.0,5046.0,5046.0,5046.0,5046.0,5046.0,5135.0,5183.0,5183.0,5183.0,5192.0,5192.0,5192.0,5192.0,5192.0,5192.0,5192.0,5192.0,5192.0,5192.0,5192.0,5215.0,5215.0,5215.0,5246.0,5246.0,5246.0,5246.0,5246.0,5246.0,5246.0,5246.0,5246.0,5246.0,5246.0,5246.0,5246.0,5246.0,5246.0,5246.0,5246.0,5246.0,5246.0,5246.0,5246.0,5246.0,5246.0,5246.0,5246.0,5246.0,5246.0,5246.0,5246.0,5246.0,5246.0,5246.0,5246.0,5246.0,5246.0,5246.0,5246.0,5246.0,5246.0,5246.0,5246.0,5246.0,5246.0,5246.0,5246.0,5246.0,5246.0,5246.0,5246.0,5246.0,5246.0,5246.0,5246.0,5257.0,5257.0,5257.0,5257.0,5257.0,5257.0,5257.0,5257.0,5257.0,5257.0,5257.0,5257.0,5257.0,5257.0,5257.0,5257.0,5257.0,5257.0,5257.0,5257.0,5257.0,5257.0,5257.0,5257.0,5257.0,5257.0,5257.0,5257.0,5257.0,5265.0,5265.0,5265.0,5265.0,5265.0,5287.0,5309.0,5321.0,5347.0,5375.0,5375.0,5375.0,5375.0,5378.0,5387.0,5387.0,5451.0,5483.0,5539.0,5577.0,5577.0,5588.0,5588.0,5588.0,5588.0,5588.0,5588.0,5588.0,5588.0,5588.0,5588.0,5588.0,5588.0,5588.0,5588.0,5588.0,5588.0,5588.0,5588.0,5588.0,5588.0,5588.0,5588.0,5588.0,5588.0,5588.0,5588.0,5588.0,5588.0,5588.0,5588.0,5588.0,5588.0,5588.0,5588.0,5588.0,5588.0,5588.0,5588.0,5588.0,5588.0,5588.0,5588.0,5588.0,5588.0,5588.0,5588.0,5588.0,5588.0,5588.0,5588.0,5588.0,5588.0,5588.0,5588.0,5588.0,5588.0,5588.0,5588.0,5588.0,5588.0,5610.0,5610.0,5610.0,5610.0,5610.0,5610.0,5610.0,5610.0,5610.0,5610.0,5610.0,5610.0,5610.0,5610.0,5610.0,5610.0,5610.0,5610.0,5610.0,5610.0,5610.0,5610.0,5610.0,5610.0,5610.0,5610.0,5610.0,5610.0,5610.0,5610.0,5610.0,5610.0,5610.0,5620.0,5624.0,5624.0,5624.0,5624.0,5624.0,5624.0,5624.0,5624.0,5624.0,5624.0,5624.0,5624.0,5624.0,5624.0,5624.0,5624.0,5624.0,5624.0,5624.0,5624.0,5624.0,5624.0,5624.0,5624.0,5624.0,5624.0,5624.0,5624.0,5624.0,5624.0,5624.0,5624.0,5624.0,5624.0,5624.0,5624.0,5624.0,5624.0,5624.0,5648.0,5648.0,5648.0,5648.0,5648.0,5648.0,5648.0,5648.0,5671.0,5678.0,5694.0,5694.0,5694.0,5694.0,5694.0,5694.0,5694.0,,,,,,,,,,,,,,,,,,,,,,,,,,,,,,,,,,,,,,,,,,,,,,,,,,,,,,,,,,,,,,,,,,,,,,,,,,,,,,,,,,,,,,,,,,,,,,,,,,,,,,,,,,,,,,,,,,,,,,,,,,,,,,,,,,,,,,,,,,,,,,,,
2020-05-27,ios,,,,,,,,,,,,,,,,,,,,,,,,,,,,,,,,,,,,,,,,,,,,,,,,,,,,,,,,,,,,,,,,,,,,,,,,,,,,,,,,,,,,,,,,,,,,,,,,,,,,,,,,,,,,,,,,,,,,,,,,,,,,,,,,,,,,,,,,,,,,,,,,,,,,,,,,,,,,,,,,,,,,,,,,,,,,,,,,,,,,,,,,,,,,,,,,,,,,,,,,,,,,,,,,,,,,,,,,,,,,,,,,,,,,,,,,,,,,,,,,,,,,,,,,,,,,,,,,,,,,,,,,,,,,,,,,,,,,,,,,,,,,,,,,,,,,,,,,,,,,,,,,,,,,,,,,,,,,,,,,,,,,,,,,,,,,,,,,,,,,,,,,,,,,,,,,,,,,,,,,,,,,,,,,,,,,,,,,,,,,,,,,,,,,,,,,,,,,,,,,,,,,,,,,,,,,,,,,,,,,,,,,,,,,,,,,,,,,,,,,,,,,,,,,,,,,,,,,,,,,,,,,,,,,,,,,,,24.0,146.0,171.0,171.0,171.0,171.0,171.0,171.0,171.0,171.0,171.0,171.0,171.0,171.0,171.0,171.0,171.0,171.0,253.0,372.0,490.0,606.0,668.0,668.0,668.0,668.0,668.0,668.0,668.0,668.0,719.0,829.0,940.0,1050.0,1161.0,1273.0,1369.0,1376.0,1376.0,1376.0,1376.0,1376.0,1376.0,1376.0,1376.0,1376.0,1376.0,1376.0,1376.0,1376.0,1376.0,1376.0,1376.0,1376.0,1376.0,1376.0,1376.0,1376.0,1376.0,1376.0,1376.0,1376.0,1376.0,1376.0,1376.0,1376.0,1376.0,1376.0,1376.0,1376.0,1376.0,1376.0,1376.0,1376.0,1376.0,1376.0,1376.0,1376.0,1376.0,1376.0,1376.0,1376.0,1376.0,1376.0,1376.0,1376.0,1376.0,1376.0,1376.0,1376.0,1376.0,1376.0,1376.0,1376.0,1376.0,1376.0,1376.0,1376.0,1376.0,1376.0,1376.0,1376.0,1376.0,1376.0,1376.0,1376.0,1376.0,1376.0,1376.0,1376.0,1376.0,1376.0,1376.0,1376.0,1376.0,1376.0,1376.0,1376.0,1376.0,1376.0,1376.0,1376.0,1376.0,1376.0,1376.0,1376.0,1376.0,1376.0,1376.0,1376.0,1376.0,1376.0,1376.0,1376.0,1376.0,1376.0,1376.0,1376.0,1376.0,1376.0,1376.0,1376.0,1376.0,1376.0,1376.0,1376.0,1376.0,1376.0,1376.0,1376.0,1376.0,1376.0,1376.0,1376.0,1376.0,1376.0,1376.0,1376.0,1376.0,1376.0,1376.0,1376.0,1376.0,1376.0,1376.0,1376.0,1376.0,1376.0,1376.0,1376.0,1376.0,1376.0,1376.0,1376.0,1376.0,1376.0,1376.0,1376.0,1376.0,1376.0,1376.0,1376.0,1376.0,1376.0,1376.0,1376.0,1376.0,1376.0,1376.0,1376.0,1376.0,1376.0,1376.0,1376.0,1376.0,1376.0,1376.0,1376.0,1376.0,1376.0,1376.0,1376.0,1376.0,1376.0,1376.0,1376.0,1376.0,1376.0,1376.0,1376.0,1376.0,1376.0,1376.0,1376.0,1376.0,1376.0,1376.0,1376.0,1376.0,1376.0,1376.0,1399.0,1472.0,1579.0,1695.0,1809.0,1927.0,2044.0,2056.0,2056.0,2056.0,2056.0,2056.0,2056.0,2056.0,2056.0,2056.0,2091.0,2145.0,2145.0,2145.0,2145.0,2145.0,2145.0,2145.0,2145.0,2145.0,2145.0,2145.0,2145.0,2145.0,2145.0,2145.0,2257.0,2365.0,2480.0,2593.0,2706.0,2816.0,2927.0,3036.0,3143.0,3242.0,3261.0,3326.0,3429.0,3530.0,3601.0,3692.0,3731.0,3833.0,3898.0,3898.0,3976.0,4088.0,4172.0,4172.0,4275.0,4392.0,4511.0,4622.0,4650.0,4732.0,4835.0,4939.0,5059.0,5175.0,5294.0,5390.0,5390.0,5390.0,5390.0,5390.0,5390.0,5390.0,,,,,,,,,,,,,,,,,,,,,,,,,,,,,,,,,,,,,,,,,,,,,,,,,,,,,,,,,,,,,,,,,,,,,,,,,,,,,,,,,,,,,,,,,,,,,,,,,,,,,,,,,,,,,,,,,,,,,,,,,,,,,,,,,,,,,,,,,,,,,,,,,,,,,,,,,,,,,,,,,,,,,,,,,,,,,,,,,,,,,,,,,,,,,,,,,,,,,,,,,,,,,,,,,,,,,,,,,,,,,,,,,,,,,,,,,,,,,,,,,,,,,,,,,,,,,,,,,,,,,,,,,,,,,,,,,,,,,,,,,,,,,,,,,,,,,,,,,,,,,,,,,,,,,,,,,,,,,,,,,,,,,,,,,,,,,,,,,,,,,,,,,,,,,,,,,,,,,,,,,,,,,,,,,,,,,,,,,,,,,,,,,,,,,,,,,,,,,,,,,,,,,,,,,,,,,,,,,,,,,,,,,,,,,,,,,,,,,,,,,,,,,,,,,,,,,,,,,,,,,,,,,,,,,,,,,,,,,,,,,,,,,,,,,,,,,,,,,,,,,,,,,,,,,,,,,,,,,,,,,,,,,,,,,,,,,,,,,,,,,,,,,,,,,,,,,,,,,,,,,,,,,,,,,,,,,,,,,,,,,,,,,,,,,,,,,,,,,,,,,,,,,,,,,,,,,,,,,,,,,,,,,,,,,,,,,,,,,,,,,,,,,,,,,,,,,,,,,,,,,,,,,,,,,,,,
2020-05-30,ios,,,,,,,,,,,,,,,,,,,,,,,,,,,,,,,,,,,,,,,,,,,,,,,,,,,,,,,,,,,,,,,,,,,,,,,,,,,,,,,,,,,,,,,,,,,,,,,,,,,,,,,,,,,,,,,,,,,,,,,,,,,,,,,,,,,,,,,,,,,,,,,,,,,,,,,,,,,,,,,,,,,,,,,,,,,,,,,,,,,,,,,,,,,,,,,,,,,,,,,,,,,,,,,,,,,,,,,,,,,,,,,,,,,,,,,,,,,,,,,,,,,,,,,,,,,,,,,,,,,,,,,,,,,,,,,,,,,,,,,,,,,,,,,,,,,,,,,,,,,,,,,,,,,,,,,,,,,,,,,,,,,,,,,,,,,,,,,,,,,,,,,,,,,,,,,,,,,,,,,,,,,,,,,,,,,,,,,,,,,,,,,,,,,,,,,,,,,,,,,,,,,,,,,,,,,,,,,,,,,,,,,,,,,,,,,,,21.0,21.0,21.0,21.0,21.0,21.0,21.0,21.0,21.0,21.0,21.0,21.0,21.0,21.0,21.0,21.0,21.0,21.0,21.0,21.0,21.0,21.0,21.0,21.0,21.0,21.0,21.0,21.0,21.0,21.0,21.0,21.0,21.0,21.0,21.0,21.0,21.0,21.0,21.0,21.0,21.0,21.0,21.0,21.0,21.0,21.0,25.0,25.0,25.0,25.0,25.0,25.0,25.0,25.0,25.0,25.0,25.0,35.0,35.0,35.0,35.0,35.0,35.0,35.0,35.0,35.0,35.0,35.0,35.0,35.0,35.0,35.0,35.0,35.0,35.0,35.0,35.0,35.0,35.0,35.0,35.0,35.0,35.0,35.0,35.0,35.0,35.0,35.0,35.0,35.0,35.0,35.0,35.0,35.0,35.0,35.0,48.0,80.0,160.0,260.0,375.0,491.0,604.0,643.0,652.0,724.0,790.0,894.0,1004.0,1101.0,1210.0,1317.0,1407.0,1512.0,1618.0,1719.0,1821.0,1929.0,2039.0,2104.0,2187.0,2294.0,2318.0,2328.0,2328.0,2328.0,2328.0,2328.0,2328.0,2328.0,2328.0,2328.0,2328.0,2365.0,2365.0,2376.0,2384.0,2409.0,2478.0,2555.0,2652.0,2668.0,2668.0,2668.0,2668.0,2683.0,2683.0,2683.0,2683.0,2691.0,2691.0,2691.0,2691.0,2691.0,2691.0,2691.0,2691.0,2691.0,2691.0,2691.0,2691.0,2691.0,2691.0,2691.0,2691.0,2691.0,2691.0,2691.0,2691.0,2691.0,2691.0,2691.0,2780.0,2846.0,2894.0,2965.0,3024.0,3052.0,3105.0,3118.0,3182.0,3222.0,3222.0,3248.0,3264.0,3264.0,3284.0,3301.0,3322.0,3322.0,3322.0,3322.0,3338.0,3338.0,3355.0,3358.0,3398.0,3398.0,3398.0,3424.0,3476.0,3499.0,3515.0,3563.0,3613.0,3655.0,3685.0,3685.0,3715.0,3715.0,3715.0,3725.0,3751.0,3801.0,3823.0,3851.0,3881.0,3881.0,3881.0,3893.0,3921.0,3969.0,4015.0,4071.0,4119.0,4159.0,4191.0,4191.0,4191.0,4191.0,4191.0,4191.0,4257.0,4317.0,4349.0,4437.0,4459.0,4459.0,4513.0,4549.0,4581.0,4581.0,4583.0,4583.0,,,,,,,,,,,,,,,,,,,,,,,,,,,,,,,,,,,,,,,,,,,,,,,,,,,,,,,,,,,,,,,,,,,,,,,,,,,,,,,,,,,,,,,,,,,,,,,,,,,,,,,,,,,,,,,,,,,,,,,,,,,,,,,,,,,,,,,,,,,,,,,,,,,,,,,,,,,,,,,,,,,,,,,,,,,,,,,,,,,,,,,,,,,,,,,,,,,,,,,,,,,,,,,,,,,,,,,,,,,,,,,,,,,,,,,,,,,,,,,,,,,,,,,,,,,,,,,,,,,,,,,,,,,,,,,,,,,,,,,,,,,,,,,,,,,,,,,,,,,,,,,,,,,,,,,,,,,,,,,,,,,,,,,,,,,,,,,,,,,,,,,,,,,,,,,,,,,,,,,,,,,,,,,,,,,,,,,,,,,,,,,,,,,,,,,,,,,,,,,,,,,,,,,,,,,,,,,,,,,,,,,,,,,,,,,,,,,,,,,,,,,,,,,,,,,,,,,,,,,,,,,,,,,,,,,,,,,,,,,,,,,,,,,,,,,,,,,,,,,,,,,,,,,,,,,,,,,,,,,,,,,,,,,,,,,,,,,,,,,,,,,,,,,,,,,,,,,,,,,,,,,,,,,,,,,,,,,,,,,,,,,,,,,,,,,,,,,,,,,,,,,,,,,,,,,,,,,,,,,,,,,,,,,,,,,,,,,,,,,,,,,,,,,,,,,,,,,,,,,,,,,,,,,,,,,,,,,,,,,,,,,,,,,,,,,,,,,,,,,,,,,,,,,,,,,,,,,,,,,,,,,,,,,,,,,,,,,,,,,,,,,,,,,,,,,,,,,,,,,,,,,,
2020-06-01,ios,,,,,,,,,,,,,,,,,,,,,,,,,,,,,,,,,,,,,,,,,,,,,,,,,,,,,,,,,,,,,,,,,,,,,,,,,,,,,,,,,,,,,,,,,,,,,,,,,,,,,,,,,,,,,,,,,,,,,,,,,,,,,,,,,,,,,,,,,,,,,,,,,,,,,,,,,,,,,,,,,,,,,,,,,,,,,,,,,,,,,,,,,,,,,,,,,,,,,,,,,,,,,,,,,,,,,,,,,,,,,,,,,,,,,,,,,,,,,,,,,,,,,,,,,,,,,,,,,,,,,,,,,,,,,,,,,,,,,,,,,,,,,,,,,,,,,,,,,,,,,,,,,,,,,,,,,,,,,,,,,,,,,,,,,,,,,,,,,,,,,,,,,,,,,,,,,,,,,,,,,,,,,,,,,,,,,,,,,,,,,,,,,,,,,,,,,,,,,,,,,,,,,,,,,,,,,,,,,,,,,,8.0,8.0,8.0,8.0,8.0,8.0,8.0,8.0,8.0,8.0,8.0,8.0,8.0,8.0,8.0,8.0,8.0,8.0,8.0,8.0,8.0,8.0,8.0,8.0,8.0,8.0,8.0,8.0,8.0,8.0,8.0,8.0,8.0,8.0,8.0,8.0,8.0,65.0,142.0,142.0,142.0,142.0,142.0,142.0,142.0,142.0,142.0,142.0,142.0,142.0,142.0,142.0,142.0,142.0,154.0,262.0,263.0,263.0,263.0,263.0,263.0,263.0,263.0,263.0,290.0,382.0,382.0,449.0,476.0,476.0,476.0,476.0,476.0,476.0,476.0,476.0,496.0,589.0,589.0,680.0,763.0,805.0,814.0,821.0,821.0,821.0,821.0,859.0,859.0,859.0,859.0,859.0,859.0,859.0,859.0,859.0,859.0,859.0,859.0,859.0,859.0,859.0,859.0,859.0,859.0,859.0,859.0,859.0,859.0,859.0,859.0,859.0,859.0,859.0,859.0,859.0,859.0,859.0,859.0,859.0,859.0,859.0,859.0,859.0,859.0,859.0,859.0,859.0,859.0,859.0,859.0,859.0,859.0,859.0,859.0,859.0,859.0,859.0,859.0,859.0,859.0,859.0,859.0,859.0,859.0,859.0,859.0,859.0,859.0,859.0,859.0,859.0,859.0,859.0,859.0,859.0,859.0,859.0,859.0,859.0,859.0,859.0,859.0,859.0,859.0,859.0,859.0,859.0,859.0,859.0,859.0,859.0,859.0,859.0,859.0,859.0,889.0,979.0,1104.0,1134.0,1134.0,1134.0,1134.0,1134.0,1134.0,1134.0,1134.0,1134.0,1134.0,1134.0,1145.0,1146.0,1146.0,1146.0,1146.0,1146.0,1146.0,1146.0,1146.0,1146.0,1146.0,1146.0,1146.0,1146.0,1146.0,1168.0,1168.0,1168.0,1182.0,1202.0,1202.0,1202.0,1202.0,1214.0,1214.0,1214.0,1214.0,1214.0,1214.0,1214.0,1214.0,1214.0,1214.0,1214.0,1214.0,1214.0,1214.0,1214.0,1331.0,1447.0,1494.0,1515.0,1605.0,1635.0,1635.0,1635.0,1651.0,1755.0,1773.0,1773.0,1773.0,1773.0,1773.0,1828.0,1945.0,2041.0,2041.0,2060.0,2186.0,2309.0,2430.0,2553.0,2676.0,2797.0,2920.0,3037.0,3153.0,3269.0,3385.0,3467.0,3534.0,3536.0,3536.0,3536.0,3536.0,3536.0,3536.0,3536.0,3536.0,3536.0,3536.0,3536.0,3536.0,3536.0,3601.0,3689.0,3808.0,3927.0,4046.0,4162.0,4279.0,4396.0,4513.0,4629.0,4748.0,4865.0,4985.0,5068.0,5128.0,5220.0,5220.0,5220.0,5220.0,5220.0,5220.0,5220.0,5220.0,5220.0,5220.0,5220.0,5220.0,5220.0,5220.0,5220.0,5220.0,5288.0,5313.0,5313.0,5313.0,5313.0,5313.0,5313.0,5313.0,5313.0,5313.0,5313.0,5313.0,5313.0,5313.0,5313.0,5313.0,5313.0,5313.0,5313.0,5313.0,5313.0,5313.0,5313.0,5313.0,5313.0,5313.0,5313.0,5313.0,5313.0,5313.0,5313.0,5313.0,5313.0,5313.0,5313.0,5313.0,5313.0,5313.0,5313.0,5313.0,5313.0,5313.0,5313.0,5313.0,5313.0,5313.0,5313.0,5313.0,5313.0,5313.0,5357.0,5477.0,5596.0,5698.0,5732.0,5848.0,5966.0,6036.0,6036.0,6036.0,6036.0,6036.0,6104.0,6222.0,6339.0,6457.0,6575.0,6673.0,6684.0,6684.0,6684.0,6684.0,6684.0,6684.0,6684.0,6684.0,6684.0,6684.0,6684.0,6684.0,6684.0,6684.0,6684.0,6684.0,6713.0,6726.0,6726.0,6726.0,6726.0,6726.0,6726.0,6726.0,6726.0,6726.0,6726.0,6726.0,6726.0,6726.0,6726.0,6726.0,6726.0,6726.0,6726.0,6726.0,6726.0,6726.0,6726.0,6726.0,6726.0,6726.0,6726.0,6726.0,6726.0,6726.0,6726.0,6726.0,6726.0,6726.0,6726.0,6726.0,6726.0,6726.0,6726.0,6726.0,6726.0,6726.0,6726.0,6726.0,6726.0,6726.0,6726.0,6726.0,6726.0,6726.0,6726.0,6726.0,6726.0,6726.0,6726.0,6726.0,6726.0,6726.0,6726.0,6726.0,6726.0,6726.0,6726.0,6726.0,6726.0,6726.0,6726.0,6726.0,6726.0,6726.0,6726.0,6726.0,6726.0,6726.0,6726.0,6726.0,6726.0,6726.0,6726.0,6726.0,6726.0,6726.0,6726.0,6726.0,6726.0,6726.0,6726.0,6726.0,6726.0,6726.0,6801.0,6810.0,6862.0,6863.0,6863.0,6863.0,6863.0,6863.0,6863.0,6863.0,6863.0,6863.0,6863.0,6863.0,6863.0,6863.0,6863.0,6863.0,6863.0,6863.0,6863.0,6863.0,6863.0,6863.0,6863.0,6863.0,6863.0,6863.0,6863.0,6863.0,6863.0,6863.0,6863.0,6863.0,6863.0,6863.0,6863.0,6863.0,6863.0,6863.0,6863.0,6863.0,6863.0,6863.0,6863.0,6863.0,6863.0,6863.0,6863.0,6863.0,6863.0,6863.0,6863.0,6863.0,6863.0,6863.0,6863.0,6863.0,6863.0,6863.0,6863.0,6863.0,6863.0,6863.0,6863.0,6863.0,6863.0,6863.0,6863.0,6863.0,6863.0,6863.0,6863.0,6863.0,6863.0,6863.0,6863.0,6863.0,6863.0,6863.0,6863.0,6863.0,6863.0,6863.0,6863.0,6863.0,6863.0,6863.0,6863.0,6863.0,6863.0,6863.0,6863.0,6863.0,6863.0,6863.0,6863.0,6863.0,6863.0,6863.0,6863.0,6863.0,6863.0,6863.0,6863.0,6863.0,6863.0,6863.0,6863.0,6863.0,6863.0,6863.0,6863.0,6863.0,6863.0,6863.0,6863.0,6863.0,6863.0,6863.0,6863.0,6863.0,6863.0,6863.0,6863.0,6863.0,6893.0,6913.0,6986.0,7057.0,7057.0,7057.0,7057.0,7057.0,7057.0,7057.0,7057.0,,,,,,,,,,,,,,,,,,,,,,,,,,,,,,,,,,,,,,,,,,,,,,,,,,,,,,,,,,,,,,,,,,,,,,,,,,,,,,,,,,,,,,,,,,,,,,,,,,,,,,,,,,,,,,,,,,,,,,,,,,,,,,,,,,,,,,,,,,,,,,,,,,,,,,,,,,,,,,,,,,,,,,,,,,,,,,,,,,,,,,,,,,,,,,,,,,,,,,,,,,,,,,,,,,,,,,,,,,,,,,,,,,,,,,,,,,,,,,,,,,,,,,,,,,,,,,,,,,,,,,,,,,,,,,,,,,,,,,,,,,,,,,,,,,,,,,,,,,,,,,,,,,,,,,,,,,,,,,,,,,,,,,,,,,,,,,,,,,,,,,,,,,,,,,,,,,,,,,,,,,,,,,,,,,,,,,,,,,,,,,,,,,,,,,,,,,,,,,,,,,,
2020-06-24,ios,,,,,,,,,,,,,,,,,,,,,,,,,,,,,,,,,,,,,,,,,,,,,,,,,,,,,,,,,,,,,,,,,,,,,,,,,,,,,,,,,,,,,,,,,,,,,,,,,,,,,,,,,,,,,,,,,,,,,,,,,,,,,,,,,,,,,,,,,,,,,,,,,,,,,,,,,,,,,,,,,,,,,,,,,,,,,,,,,,,,,,,,,,,,,,,,,,,,,,,,,,,,,,,,,,,,,,,,,,,,,,,,,,,,,,,,,,,,,,,,,,,,,,,,,,,,,,,,,,,,,,,,,,,,,,,,,,,,,,,,,,,,,,,,,,,,,,,,,,,,,,,,,,,,,,,,,,,,,,,,,,,,,,,,,,,,,,,,,,,,,,,,,,,,,,,,,,,,,,,,,,,,,,,,,,,,,,,,,,,,,,,,,,,,,,,,,,,,,,,,,,,,,,,,,,,,,,,,,,,,,,,,,,,,,,,,,,,,,,,,,,,,,,,,,,,,,,,,,,,,,,,,,,,,,,,,,,,,,,,,,,,,,,,,,,,,,,,,,,,,,,,,,,,,,,,,,,,,,,,,,,,,,,,,,,,,,,,,,,,,,,,,,,,,,,,,,,,,,,,,,,,,,,,,,,,,,,,,,,,,,,,,,,,,,,,,,,,,,,,,,,,,,,,,,,,,,,,,,,,,,,,,,,,,,,,,,,,,,,,,,,,,,,,,,,,,,,,,,,,,,,,,,,,,,,,,,,,,,,,,,,,,,,,,,,,,,,,,,,,,,,,,,,,,,,,,,,,,,,,,,,,,,,,,,,,,,,,,,,,,,,,,,,,,,,,,,,,,,,,,,,,,,,,,,,,,,,,,,,,,,,,,,,,,,,,,,,,,,,,,,,,,,,,,,,,,,,,,,,,,,,,,,,,,,,,,,,,,,,,,,,,,,,,,,,,,,,,,,,,,,,,,,,,,,,,,,,,,,,,,,,,,,,,,,,,,,,,,,,,,,,,,,,,,,,,,,,,,,,,,,,,,,,,,,,,,,,,,,,,,,,,,,,,,,,,,,,,,,,,,,,,,,,,,,,,,,,,,,,,,,,,,,,,,,,,,,,,,,,,,,,,,,,,,,,,,,,,,,,,,,,,,,,,,,,,,,,,,,,,,,,,,,,,,,,,,,,,,,,,,,,,,,,,,,,,,,,,,,,,,,,,,,,,,,,,,,,,,,,,,,,,,,,,,,,,,,,,,,,,,,,,,,,,,,,,,,,,,,,,,,,,,,,,,,,,,,,,,,,,,,,,,,,,,,,,,,,,,,,,,,,,,,,,,,,,,,,,,,,,,,,,,,,,,,,,,,,,,,,,,,,,,,,,,,,,,,,,,,,,,,,,,,,,,,,,,,,,,,,,,,,,,,,,,,,,,,,,,,,,,,,,,,,,,,,,,,,,,,,,,,,,,,,,,,,,,,,,,,,,,,,,,,,,,,,,,,,,,,,,,,,,,,,,,,,,,,,,,,,,,,,,,,,,,,,,,,,,,,,,,,,,,,,,,,,,,,,,,,,,,,,,,,,,,,,,,,,,,,,,,,,,,,,,,,,,,,,,,,,,,7741.0
2020-06-25,ios,,,,,,,,,,,,,,,,,,,,,,,,,,,,,,,,,,,,,,,,,,,,,,,,,,,,,,,,,,,,,,,,,,,,,,,,,,,,,,,,,,,,,,,,,,,,,,,,,,,,,,,,,,,,,,,,,,,,,,,,,,,,,,,,,,,,,,,,,,,,,,,,,,,,,,,,,,,,,,,,,,,,,,,,,,,,,,,,,,,,,,,,,,,,,,,,,,,,,,,,,,,,,,,,,,,,,,,,,,,,,,,,,,,,,,,,,,,,,,,,,,,,,,,,,,,,,,,,,,,,,,,,,,,,,,,,,,,,,,,,,,,,,,,,,,,,,,,,,,,,,,,,,,,,,,,,,,,,,,,,,,,,,,,,,,,,,,,,,,,,,,,,,,,,,,,,,,,,,,,,,,,,,,,,,,,,,,,,,,,,,,,,,,,,,,,,,,,,,,,,,,,,,,,,,,,,,,,,,,,,,,,,,,,,,,,,,,,,,,,,,,,,,,,,,,,,,,,,,,,,,,,,,,,,,,,,,,,,,,,,,,,,,,,,,,,,,,,,,,,,,,,,,,,,,,,,,,,,,,,,,,,,,,,,,,,,,,,,,,,,,,,,,,,,,,,,,,,,,,,,,,,,,,,,,,,,,,,,,,,,,,,,,,,,,,,,,,,,,,,,,,,,,,,,,,,,,,,,,,,,,,,,,,,,,,,,,,,,,,,,,,,,,,,,,,,,,,,,,,,,,,,,,,,,,,,,,,,,,,,,,,,,,,,,,,,,,,,,,,,,,,,,,,,,,,,,,,,,,,,,,,,,,,,,,,,,,,,,,,,,,,,,,,,,,,,,,,,,,,,,,,,,,,,,,,,,,,,,,,,,,,,,,,,,,,,,,,,,,,,,,,,,,,,,,,,,,,,,,,,,,,,,,,,,,,,,,,,,,,,,,,,,,,,,,,,,,,,,,,,,,,,,,,,,,,,,,,,,,,,,,,,,,,,,,,,,,,,,,,,,,,,,,,,,,,,,,,,,,,,,,,,,,,,,,,,,,,,,,,,,,,,,,,,,,,,,,,,,,,,,,,,,,,,,,,,,,,,,,,,,,,,,,,,,,,,,,,,,,,,,,,,,,,,,,,,,,,,,,,,,,,,,,,,,,,,,,,,,,,,,,,,,,,,,,,,,,,,,,,,,,,,,,,,,,,,,,,,,,,,,,,,,,,,,,,,,,,,,,,,,,,,,,,,,,,,,,,,,,,,,,,,,,,,,,,,,,,,,,,,,,,,,,,,,,,,,,,,,,,,,,,,,,,,,,,,,,,,,,,,,,,,,,,,,,,,,,,,,,,,,,,,,,,,,,,,,,,,,,,,,,,,,,,,,,,,,,,,,,,,,,,,,,,,,,,,,,,,,,,,,,,,,,,,,,,,,,,,,,,,,,,,,,,,,,,,,,,,,,,,,,,,,,,,,,,,,,,,,,,,,,,,,,,,,,,,,,,,,,,,,,,,,,,,,,,,,,,,,,,,,,,,,,,,,,,,,,,,,,,,,,,,,,,,,,,,,,,,,,,,,,,,,,,,,,,,,,,,,,,,,,,,,,,,,,,,,,,,,,,,,7117.0
2020-06-26,ios,,,,,,,,,,,,,,,,,,,,,,,,,,,,,,,,,,,,,,,,,,,,,,,,,,,,,,,,,,,,,,,,,,,,,,,,,,,,,,,,,,,,,,,,,,,,,,,,,,,,,,,,,,,,,,,,,,,,,,,,,,,,,,,,,,,,,,,,,,,,,,,,,,,,,,,,,,,,,,,,,,,,,,,,,,,,,,,,,,,,,,,,,,,,,,,,,,,,,,,,,,,,,,,,,,,,,,,,,,,,,,,,,,,,,,,,,,,,,,,,,,,,,,,,,,,,,,,,,,,,,,,,,,,,,,,,,,,,,,,,,,,,,,,,,,,,,,,,,,,,,,,,,,,,,,,,,,,,,,,,,,,,,,,,,,,,,,,,,,,,,,,,,,,,,,,,,,,,,,,,,,,,,,,,,,,,,,,,,,,,,,,,,,,,,,,,,,,,,,,,,,,,,,,,,,,,,,,,,,,,,,,,,,,,,,,,,,,,,,,,,,,,,,,,,,,,,,,,,,,,,,,,,,,,,,,,,,,,,,,,,,,,,,,,,,,,,,,,,,,,,,,,,,,,,,,,,,,,,,,,,,,,,,,,,,,,,,,,,,,,,,,,,,,,,,,,,,,,,,,,,,,,,,,,,,,,,,,,,,,,,,,,,,,,,,,,,,,,,,,,,,,,,,,,,,,,,,,,,,,,,,,,,,,,,,,,,,,,,,,,,,,,,,,,,,,,,,,,,,,,,,,,,,,,,,,,,,,,,,,,,,,,,,,,,,,,,,,,,,,,,,,,,,,,,,,,,,,,,,,,,,,,,,,,,,,,,,,,,,,,,,,,,,,,,,,,,,,,,,,,,,,,,,,,,,,,,,,,,,,,,,,,,,,,,,,,,,,,,,,,,,,,,,,,,,,,,,,,,,,,,,,,,,,,,,,,,,,,,,,,,,,,,,,,,,,,,,,,,,,,,,,,,,,,,,,,,,,,,,,,,,,,,,,,,,,,,,,,,,,,,,,,,,,,,,,,,,,,,,,,,,,,,,,,,,,,,,,,,,,,,,,,,,,,,,,,,,,,,,,,,,,,,,,,,,,,,,,,,,,,,,,,,,,,,,,,,,,,,,,,,,,,,,,,,,,,,,,,,,,,,,,,,,,,,,,,,,,,,,,,,,,,,,,,,,,,,,,,,,,,,,,,,,,,,,,,,,,,,,,,,,,,,,,,,,,,,,,,,,,,,,,,,,,,,,,,,,,,,,,,,,,,,,,,,,,,,,,,,,,,,,,,,,,,,,,,,,,,,,,,,,,,,,,,,,,,,,,,,,,,,,,,,,,,,,,,,,,,,,,,,,,,,,,,,,,,,,,,,,,,,,,,,,,,,,,,,,,,,,,,,,,,,,,,,,,,,,,,,,,,,,,,,,,,,,,,,,,,,,,,,,,,,,,,,,,,,,,,,,,,,,,,,,,,,,,,,,,,,,,,,,,,,,,,,,,,,,,,,,,,,,,,,,,,,,,,,,,,,,,,,,,,,,,,,,,,,,,,,,,,,,,,,,,,,,,,,,,,,,,,,,,,,,,,,,,,,,,,,,,,,,,,,,,,,,,,,,,,,,,,10546.0
2020-06-27,ios,,,,,,,,,,,,,,,,,,,,,,,,,,,,,,,,,,,,,,,,,,,,,,,,,,,,,,,,,,,,,,,,,,,,,,,,,,,,,,,,,,,,,,,,,,,,,,,,,,,,,,,,,,,,,,,,,,,,,,,,,,,,,,,,,,,,,,,,,,,,,,,,,,,,,,,,,,,,,,,,,,,,,,,,,,,,,,,,,,,,,,,,,,,,,,,,,,,,,,,,,,,,,,,,,,,,,,,,,,,,,,,,,,,,,,,,,,,,,,,,,,,,,,,,,,,,,,,,,,,,,,,,,,,,,,,,,,,,,,,,,,,,,,,,,,,,,,,,,,,,,,,,,,,,,,,,,,,,,,,,,,,,,,,,,,,,,,,,,,,,,,,,,,,,,,,,,,,,,,,,,,,,,,,,,,,,,,,,,,,,,,,,,,,,,,,,,,,,,,,,,,,,,,,,,,,,,,,,,,,,,,,,,,,,,,,,,,,,,,,,,,,,,,,,,,,,,,,,,,,,,,,,,,,,,,,,,,,,,,17.0,17.0,17.0,17.0,17.0,17.0,17.0,17.0,17.0,17.0,17.0,17.0,17.0,17.0,17.0,17.0,17.0,17.0,17.0,17.0,17.0,17.0,17.0,17.0,17.0,17.0,17.0,17.0,17.0,17.0,17.0,17.0,17.0,17.0,17.0,17.0,17.0,17.0,17.0,17.0,17.0,17.0,17.0,17.0,17.0,17.0,17.0,17.0,17.0,17.0,17.0,17.0,17.0,17.0,17.0,17.0,17.0,17.0,17.0,17.0,17.0,17.0,17.0,17.0,17.0,17.0,17.0,17.0,17.0,17.0,17.0,17.0,17.0,17.0,17.0,17.0,17.0,17.0,17.0,17.0,17.0,17.0,17.0,17.0,17.0,17.0,17.0,17.0,17.0,17.0,17.0,17.0,17.0,17.0,17.0,17.0,17.0,17.0,17.0,17.0,17.0,17.0,17.0,17.0,17.0,17.0,17.0,17.0,17.0,17.0,17.0,17.0,17.0,17.0,17.0,17.0,17.0,17.0,17.0,17.0,17.0,17.0,17.0,17.0,17.0,17.0,17.0,17.0,17.0,17.0,17.0,17.0,17.0,17.0,17.0,17.0,17.0,17.0,17.0,17.0,17.0,17.0,17.0,17.0,17.0,17.0,17.0,17.0,17.0,17.0,17.0,17.0,17.0,17.0,17.0,17.0,17.0,17.0,17.0,17.0,27.0,27.0,27.0,27.0,27.0,27.0,43.0,43.0,43.0,43.0,43.0,43.0,43.0,43.0,43.0,43.0,43.0,43.0,43.0,43.0,43.0,,,,,,,,,,,,,,,,,,,,,,,,,,,,,,,,,,,,,,,,,,,,,,,,,,,,,,,,,,,,,,,,,,,,,,,,,,,,,,,,,,,,,,,,,,,,,,,,,,,,,,,,,,,,,,,,,,,,,,,,,,,,,,,,,,,,,,,,,,,,,,,,,,,,,,,,,,,,,,,,,,,,,,,,,,,,,,,,,,,,,,,,,,,,,,,,,,,,,,,,,,,,,,,,,,,,,,,,,,,,,,,,,,,,,,,,,,,,,,,,,,,,,,,,,,,,,,,,,,,,,,,,,,,,,,,,,,,,,,,,,,,,,,,,,,,,,,,,,,,,,,,,,,,,,,,,,,,,,,,,,,,,,,,,,,,,,,,,,,,,,,,,,,,,,,,,,,,,,,,,,,,,,,,,,,,,,,,,,,,,,,,,,,,,,,,,,,,,,,,,,,,,,,,,,,,,,,,,,,,,,,,,,,,,,,,,,,,,,,,,,,,,,,,,,,,,,,,,,,,,,,,,,,,,,,,,,,,,,,,,,,,,,,,,,,,,,,,,,,,,,,,,,,,,,,,,,,,,,,,,,,,,,,,,,,,,,,,,,,,,,,,,,,,,,,,,,,,,,,,,,,,,,,,,,,,,,,,,,,,,,,,,,,,,,,,,,,,,,,,,,,,,,,,,,,,,,,,,,,,,,,,,,,,,,,,,,,,,,,,,,,,,,,,,,,,,,,,,,,,,,,,,,,,,,,,,,,,,,,,,,,,,,,,,,,,,,,,,,,,,,,,,,,,,,,,,,,,,,,,,,,,,,,,,,,,,,,,,,,,,,,,,,,,,,,,,,,,,,,,,,,,,,,,,,,,,,,,,,,,,,,
2020-07-01,ios,,,,,,,,,,,,,,,,,,,,,,,,,,,,,,,,,,,,,,,,,,,,,,,,,,,,,,,,,,,,,,,,,,,,,,,,,,,,,,,,,,,,,,,,,,,,,,,,,,,,,,,,,,,,,,,,,,,,,,,,,,,,,,,,,,,,,,,,,,,,,,,,,,,,,,,,,,,,,,,,,,,,,,,,,,,,,,,,,,,,,,,,,,,,,,,,,,,,,,,,,,,,,,,,,,,,,,,,,,,,,,,,,,,,,,,,,,,,,,,,,,,,,,,,,,,,,,,,,,,,,,,,,,,,,,,,,,,,,,,,,,,,,,,,,,,,,,,,,,,,,,,,,,,,,,,,,,,,,,,,,,,,,,,,,,,,,,,,,,,,,,,,,,,,,,,,,,,,,,,,,,,,,,,,,,,,,,,,,,,,,,,,,,,,,,,,,,,,,,,,,,,,,,,,,,,,,,,,,,,,,,,,,,,,,,,,,,,,,,,,,,,,,,,,,,,,19.0,19.0,19.0,19.0,19.0,19.0,98.0,129.0,129.0,129.0,129.0,129.0,129.0,129.0,129.0,129.0,129.0,129.0,129.0,129.0,129.0,129.0,129.0,133.0,133.0,182.0,250.0,275.0,395.0,495.0,599.0,710.0,822.0,921.0,956.0,960.0,960.0,960.0,960.0,960.0,960.0,960.0,960.0,960.0,960.0,960.0,1022.0,1132.0,1240.0,1347.0,1427.0,1503.0,1608.0,1696.0,1716.0,1716.0,1716.0,1716.0,1716.0,1716.0,1716.0,1716.0,1716.0,1716.0,1716.0,1716.0,1716.0,1716.0,1716.0,1716.0,1716.0,1716.0,1716.0,1716.0,1716.0,1716.0,1716.0,1716.0,1716.0,1716.0,1716.0,1716.0,1716.0,1750.0,1766.0,1766.0,1766.0,1766.0,1766.0,1766.0,1814.0,1815.0,1815.0,1815.0,1815.0,1815.0,1815.0,1815.0,1815.0,1815.0,1815.0,1815.0,1815.0,1815.0,1815.0,1815.0,1815.0,1815.0,1815.0,1815.0,1815.0,1815.0,1815.0,1815.0,1815.0,1815.0,1815.0,1815.0,1815.0,1815.0,1815.0,1815.0,1815.0,1815.0,1815.0,1815.0,1815.0,1815.0,1815.0,1815.0,1815.0,1815.0,1815.0,1815.0,1815.0,1815.0,1815.0,1815.0,1815.0,1815.0,1815.0,1815.0,1815.0,1815.0,1815.0,1815.0,1815.0,1815.0,1815.0,1815.0,1815.0,1815.0,1815.0,1815.0,1815.0,1815.0,1815.0,1815.0,1815.0,1815.0,1815.0,1815.0,1815.0,1815.0,1815.0,1815.0,1815.0,1815.0,1815.0,1815.0,1815.0,1815.0,1815.0,1815.0,1815.0,1815.0,1815.0,1815.0,1815.0,1815.0,1815.0,1815.0,1815.0,1815.0,1815.0,1815.0,1815.0,1815.0,1815.0,1815.0,1815.0,1815.0,1815.0,1815.0,1815.0,1815.0,1815.0,1815.0,1815.0,1815.0,1815.0,1815.0,1815.0,1815.0,1815.0,1815.0,1815.0,1815.0,1815.0,1815.0,1815.0,1815.0,1815.0,1815.0,1815.0,1815.0,1815.0,1815.0,1815.0,1815.0,1815.0,1815.0,1815.0,1815.0,1815.0,1815.0,1815.0,1815.0,1815.0,1815.0,1815.0,1815.0,1815.0,1815.0,1815.0,1815.0,1815.0,1815.0,1815.0,1815.0,1815.0,1815.0,1909.0,2021.0,2130.0,2235.0,2340.0,2442.0,2549.0,2562.0,2562.0,2562.0,2562.0,2562.0,2562.0,2562.0,2613.0,2613.0,2613.0,2613.0,2613.0,2613.0,2613.0,2613.0,2613.0,2613.0,2613.0,2613.0,2659.0,2769.0,2881.0,2993.0,3104.0,3215.0,3329.0,3443.0,3555.0,3661.0,3705.0,3745.0,3856.0,3966.0,4077.0,4190.0,4301.0,4412.0,4475.0,4586.0,4689.0,4752.0,4752.0,4752.0,4752.0,4752.0,4752.0,4752.0,4752.0,4752.0,4752.0,4752.0,4752.0,4752.0,4752.0,4752.0,4752.0,4752.0,4752.0,4752.0,4752.0,4752.0,4775.0,4834.0,4940.0,5048.0,5158.0,5269.0,5381.0,5487.0,5583.0,5685.0,5790.0,5899.0,6011.0,6119.0,6202.0,6202.0,6202.0,6202.0,6268.0,6375.0,6474.0,6582.0,6687.0,6789.0,6891.0,6972.0,6972.0,6972.0,6972.0,6972.0,6972.0,6972.0,6972.0,6972.0,6972.0,6972.0,6972.0,6972.0,6972.0,6972.0,6972.0,6972.0,6972.0,6972.0,6972.0,6972.0,6972.0,6972.0,6972.0,6972.0,6972.0,6972.0,6972.0,6972.0,6972.0,6972.0,6972.0,6972.0,6972.0,6972.0,6972.0,6972.0,6972.0,6972.0,6972.0,6972.0,6972.0,6972.0,6972.0,6972.0,6972.0,6972.0,6972.0,6972.0,6972.0,6972.0,6972.0,6972.0,6972.0,6972.0,6972.0,6972.0,6972.0,6972.0,6972.0,6972.0,6972.0,6972.0,6972.0,6972.0,6972.0,6972.0,6972.0,6972.0,6972.0,6972.0,6972.0,6972.0,6972.0,6972.0,6972.0,6972.0,6972.0,6972.0,6972.0,6972.0,6972.0,6972.0,6972.0,6972.0,6972.0,6972.0,6972.0,6972.0,6972.0,6972.0,6972.0,6972.0,6972.0,6972.0,6972.0,6972.0,6972.0,6972.0,6972.0,6972.0,6972.0,6972.0,6972.0,6972.0,6972.0,6972.0,6972.0,6972.0,6972.0,6972.0,6972.0,6972.0,6972.0,6972.0,6972.0,6972.0,6972.0,6972.0,6972.0,6972.0,6972.0,6972.0,6972.0,6972.0,6972.0,6972.0,6972.0,6972.0,6972.0,6972.0,6972.0,6972.0,6972.0,6972.0,6972.0,6972.0,6972.0,6972.0,6972.0,6972.0,6972.0,6972.0,6972.0,6972.0,6972.0,6972.0,6972.0,6972.0,6972.0,6972.0,6972.0,6972.0,6972.0,6972.0,6972.0,6972.0,6972.0,6972.0,6972.0,6972.0,6972.0,6972.0,6972.0,6972.0,6972.0,6972.0,6972.0,6972.0,6972.0,6972.0,6972.0,6972.0,6972.0,6972.0,6972.0,6972.0,6972.0,6972.0,6972.0,6972.0,6972.0,6972.0,6972.0,6972.0,,,,,,,,,,,,,,,,,,,,,,,,,,,,,,,,,,,,,,,,,,,,,,,,,,,,,,,,,,,,,,,,,,,,,,,,,,,,,,,,,,,,,,,,,,,,,,,,,,,,,,,,,,,,,,,,,,,,,,,,,,,,,,,,,,,,,,,,,,,,,,,,,,,,,,,,,,,,,,,,,,,,,,,,,,,,,,,,,,,,,,,,,,,,,,,,,,,,,,,,,,,,,,,,,,,,,,,,,,,,,,,,,,,,,,,,,,,,,,,,,,,,,,,,,,,,,,,,,,,,,,,,,,,,,,,,,,,,,,,,,,,,,,,,,,,,,,,,,,,,,,,,,,,,,,,,,,,,,,,,,,,,,,,,,,,,,,,,,,,,,,,,,,,,,,,,,,,,,,,,,,,,,,,,,,,,,,,,,,,,,,,,,,,,,,,,,,,,,,,,,,,,,,,,,,,,,,,,,,,,,,,,,,,,,,,,,,,,,,,,,,,,,,,,,,,,,,,,,,,,,,,,,,,,,
2020-07-02,ios,,,,,,,,,,,,,,,,,,,,,,,,,,,,,,,,,,,,,,,,,,,,,,,,,,,,,,,,,,,,,,,,,,,,,,,,,,,,,,,,,,,,,,,,,,,,,,,,,,,,,,,,,,,,,,,,,,,,,,,,,,,,,,,,,,,,,,,,,,,,,,,,,,,,,,,,,,,,,,,,,,,,,,,,,,,,,,,,,,,,,,,,,,,,,,,,,,,,,,,,,,,,,,,,,,,,,,,,,,,,,,,,,,,,,,,,,,,,,,,,,,,,,,,,,,,,,,,,,,,,,,,,,,,,,,,,,,,,,,,,,,,,,,,,,,,,,,,,,,,,,,,,,,,,,,,,,,,,,,,,,,,,,,,,,,,,,,,,,,,,,,,,,,,,,,,,,,,,,,,,,,,,,,,,,,,,,,,,,,,,,,,,,,,,,,,,,,,,,,,,,,,,,,,,,,16.0,16.0,16.0,16.0,16.0,16.0,16.0,16.0,16.0,16.0,16.0,16.0,16.0,16.0,16.0,16.0,16.0,16.0,16.0,16.0,16.0,16.0,16.0,16.0,16.0,16.0,16.0,16.0,16.0,16.0,16.0,16.0,16.0,16.0,16.0,16.0,16.0,16.0,16.0,16.0,16.0,16.0,16.0,16.0,16.0,16.0,16.0,16.0,16.0,16.0,16.0,16.0,16.0,16.0,16.0,16.0,16.0,16.0,16.0,16.0,16.0,16.0,16.0,16.0,16.0,16.0,16.0,16.0,16.0,16.0,16.0,16.0,16.0,16.0,16.0,16.0,16.0,16.0,16.0,16.0,16.0,19.0,79.0,186.0,194.0,207.0,243.0,251.0,278.0,314.0,331.0,347.0,364.0,385.0,459.0,511.0,585.0,675.0,756.0,830.0,897.0,915.0,938.0,998.0,1064.0,1087.0,1094.0,1094.0,1113.0,1113.0,1113.0,1113.0,1113.0,1113.0,1113.0,1113.0,1113.0,1113.0,1113.0,1113.0,1113.0,1211.0,1267.0,1267.0,1267.0,1267.0,1267.0,1267.0,1267.0,1299.0,1299.0,1333.0,1333.0,1333.0,1333.0,1333.0,1333.0,1333.0,1333.0,1333.0,1333.0,1333.0,1333.0,1333.0,1333.0,1333.0,1388.0,1389.0,1389.0,1389.0,1389.0,1389.0,1389.0,1389.0,1389.0,1389.0,1389.0,1389.0,1389.0,1389.0,1389.0,1418.0,1428.0,1469.0,1469.0,1469.0,1469.0,1469.0,1469.0,1469.0,1469.0,1469.0,1469.0,1469.0,1469.0,1469.0,1469.0,1469.0,1469.0,1469.0,1469.0,1469.0,1469.0,1469.0,1498.0,1507.0,1507.0,1507.0,1507.0,1507.0,1507.0,1507.0,1507.0,1553.0,1553.0,1553.0,1553.0,1553.0,1553.0,1553.0,1553.0,1553.0,1553.0,1553.0,1553.0,1553.0,1553.0,1553.0,1553.0,1553.0,1553.0,1553.0,1553.0,1553.0,1553.0,1553.0,1553.0,1553.0,1553.0,1553.0,1553.0,1553.0,1553.0,1553.0,1553.0,1553.0,1553.0,1553.0,1553.0,1553.0,1553.0,1553.0,1553.0,1553.0,1553.0,1553.0,1553.0,1553.0,1553.0,1553.0,1553.0,1553.0,1553.0,1553.0,1553.0,1553.0,1553.0,1553.0,1553.0,1553.0,1553.0,1553.0,1553.0,1553.0,1553.0,1553.0,1553.0,1553.0,1553.0,1553.0,1553.0,1573.0,1573.0,1573.0,1573.0,1573.0,1573.0,1573.0,1573.0,1573.0,1573.0,1573.0,1573.0,1573.0,1573.0,1573.0,1573.0,1573.0,1573.0,1573.0,1573.0,1573.0,1573.0,1573.0,1573.0,1573.0,1573.0,1573.0,1623.0,1640.0,1749.0,1867.0,1985.0,2105.0,2225.0,2342.0,2391.0,2397.0,2397.0,2397.0,2397.0,2397.0,2397.0,2397.0,2397.0,2460.0,2518.0,2544.0,2544.0,2544.0,2544.0,2544.0,2544.0,2544.0,2544.0,2544.0,2544.0,2544.0,2544.0,2544.0,2544.0,2544.0,2544.0,2544.0,2544.0,2544.0,2590.0,2705.0,2820.0,2929.0,3039.0,3150.0,3265.0,3381.0,3429.0,3546.0,3661.0,3778.0,3894.0,4001.0,4114.0,4223.0,4271.0,4294.0,4334.0,4340.0,4372.0,4387.0,4411.0,4425.0,4444.0,4484.0,4523.0,4573.0,4628.0,4707.0,4785.0,4880.0,4960.0,4960.0,4960.0,4997.0,5115.0,5223.0,5339.0,5457.0,5570.0,5686.0,5750.0,5844.0,5858.0,5862.0,5915.0,5987.0,6105.0,6224.0,6341.0,6460.0,6570.0,6687.0,6801.0,6886.0,6983.0,7041.0,7041.0,7041.0,7041.0,7041.0,7041.0,7041.0,7041.0,7041.0,7041.0,7041.0,7041.0,7041.0,7041.0,7041.0,7041.0,7041.0,7041.0,7041.0,7041.0,7041.0,7041.0,7041.0,7041.0,7041.0,7041.0,7041.0,7041.0,7041.0,7041.0,7041.0,7041.0,7041.0,7041.0,7041.0,7041.0,7041.0,7041.0,7041.0,7041.0,7041.0,7041.0,7041.0,7041.0,7041.0,7041.0,7041.0,7041.0,7041.0,7041.0,7041.0,7041.0,7041.0,7041.0,7041.0,7041.0,7041.0,7041.0,7041.0,7041.0,7041.0,7041.0,7041.0,7041.0,7041.0,7041.0,7041.0,7041.0,7041.0,7041.0,7041.0,7041.0,7041.0,7041.0,7041.0,7041.0,7041.0,7041.0,7041.0,7041.0,7041.0,7041.0,7041.0,7041.0,7041.0,7041.0,7041.0,7041.0,7041.0,7041.0,7041.0,7041.0,7041.0,7041.0,7041.0,7041.0,7041.0,7041.0,7041.0,7041.0,7041.0,7041.0,7041.0,7041.0,7041.0,7041.0,7041.0,7041.0,7041.0,7041.0,7041.0,7041.0,7041.0,7041.0,7041.0,7041.0,7041.0,7041.0,7041.0,7041.0,7041.0,7041.0,7041.0,7041.0,7041.0,7041.0,7041.0,7041.0,7041.0,7041.0,7041.0,7041.0,7041.0,7041.0,7041.0,7041.0,7041.0,7041.0,7041.0,7041.0,7041.0,7041.0,7041.0,7041.0,7041.0,7041.0,7041.0,7041.0,7041.0,7041.0,7041.0,7041.0,7041.0,7041.0,7041.0,7041.0,7041.0,7041.0,7041.0,7041.0,7041.0,7041.0,7041.0,7041.0,7041.0,7041.0,7041.0,7041.0,7041.0,7041.0,7041.0,7041.0,7041.0,7041.0,7041.0,7041.0,7041.0,7041.0,7041.0,7041.0,7041.0,7041.0,7041.0,7041.0,7041.0,7041.0,7041.0,7041.0,7041.0,7041.0,7041.0,7041.0,7041.0,7041.0,7041.0,7041.0,7041.0,7041.0,7041.0,7041.0,7041.0,7041.0,7041.0,7041.0,7041.0,7041.0,7041.0,7041.0,7041.0,7041.0,7041.0,7041.0,7041.0,7041.0,7041.0,7041.0,7041.0,7041.0,7041.0,7041.0,7041.0,7041.0,7041.0,7041.0,7041.0,7041.0,7041.0,7041.0,7041.0,7041.0,7041.0,7049.0,7166.0,7187.0,7187.0,7187.0,7187.0,7187.0,7187.0,7187.0,7187.0,7187.0,7187.0,7187.0,7187.0,7187.0,7187.0,7219.0,7240.0,7240.0,7240.0,7240.0,7240.0,7240.0,7240.0,7240.0,7240.0,7240.0,7240.0,7240.0,7240.0,7240.0,7240.0,7240.0,7240.0,7240.0,7240.0,7240.0,7240.0,7240.0,7240.0,7240.0,7240.0,7240.0,7240.0,7240.0,7240.0,7240.0,7240.0,7240.0,7240.0,7240.0,7240.0,7240.0,7240.0,7240.0,7240.0,7240.0,7240.0,7240.0,7240.0,7240.0,7240.0,7240.0,7240.0,7240.0,7258.0,7258.0,7258.0,7258.0,7258.0,7258.0,7258.0,7258.0,7258.0,7258.0,7278.0,7282.0,7288.0,7296.0,7296.0,7338.0,7338.0,7338.0,7338.0,7338.0,7338.0,7338.0,7338.0,7338.0,7338.0,7338.0,7338.0,7338.0,7338.0,7338.0,7338.0,7338.0,7338.0,7338.0,7338.0,7338.0,7338.0,7338.0,7338.0,7338.0,7338.0,7338.0,7338.0,7368.0,7400.0,7408.0,7434.0,7434.0,7434.0,7434.0,7434.0,7434.0,7434.0,7452.0,7474.0,7506.0,7576.0,7576.0,7576.0,7576.0,7576.0,7576.0,7576.0,7576.0,7576.0,7576.0,7576.0,7576.0,7576.0,7589.0,7589.0,7589.0,7592.0,7615.0,7615.0,7615.0,7615.0,7615.0,7615.0,7615.0,7615.0,7615.0,7615.0,7615.0,7615.0,7615.0,7615.0,7615.0,7615.0,7615.0,7615.0,7615.0,7615.0,7615.0,7615.0,7615.0,7615.0,7615.0,7615.0,7615.0,7615.0,7615.0,7615.0,7615.0,7615.0,7615.0,7615.0,7615.0,7615.0,7615.0,7615.0,7615.0,7615.0,7615.0,7615.0,7615.0,7615.0,7615.0,7615.0,7615.0,7615.0,7615.0,7615.0,7615.0,7615.0,7615.0,7615.0,7615.0,7615.0,7615.0,7615.0,7615.0,7615.0,7615.0,7615.0,7615.0,7615.0,7615.0,7615.0,7615.0,7615.0,7615.0,7615.0,7615.0,7615.0,7615.0,7615.0,7615.0,7615.0,7615.0,7625.0,7625.0,7625.0,7625.0,7625.0,7641.0,7641.0,7641.0,7641.0,7641.0,7641.0,7641.0,7641.0,7641.0,7641.0,7641.0,7641.0,7641.0,7641.0,7641.0,7641.0,7641.0,7641.0,7641.0,7641.0,7641.0,7641.0,7641.0,7641.0,7641.0,7641.0,7641.0,7641.0,7641.0,7641.0,7641.0,7641.0,7641.0,7641.0,7641.0,7641.0,7641.0,7641.0,7641.0,7641.0,7641.0,7641.0,7641.0,7641.0,7641.0,7641.0,7641.0,7641.0,7641.0,7641.0,7641.0,7641.0,7641.0,7641.0,7641.0,7641.0,7641.0,7641.0,7641.0,7641.0,7641.0,7641.0,7641.0,7641.0,7641.0,7641.0,7641.0,7641.0,7641.0,7654.0,7654.0,7654.0,7654.0,7654.0,7654.0,7654.0,7654.0,7654.0,7654.0,7654.0,7654.0,7654.0,7654.0,7654.0,7654.0,7654.0,7654.0,7654.0,7654.0,7654.0,7654.0,7654.0,,,,,,,,,,,,,,,,,,,,,,,,,,,,,,,,,,,,,,,,,,,,,,,,,,,,,,,,,,,,,,,,,,,,,,,,,,,,,,,,,,,,,,,,,,,,,,,,,,,,,,,,,
2020-07-03,ios,,,,,,,,,,,,,,,,,,,,,,,,,,,,,,,,,,,,,,,,,,,,,,,,,,,,,,,,,,,,,,,,,,,,,,,,,,,,,,,,,,,,,,,,,,,,,,,,,,,,,,,,,,,,,,,,,,,,,,,,,,,,,,,,,,,,,,,,,,,,,,,,,,,,,,,,,,,,,,,,,,,,,,,,,,,,,,,,,,,,,,,,,,,,,,,,,,,,,,,,,,,,,,,,,,,,,,,,,,,,,,,,,,,,,,,,,,,,,,,,,,,,,,,,,,,,,,,,,,,,,,,,,,,,,,,,,,,,,,,,,,,,,,,,,,,,,,,,,,,,,,,,,,,,,,,,,,,,,,,,,,,,,,,,,,,,,,,,,,,,,,,,,,,,,,,,,,,,,,,,,,,,,,,,,,,,,,,,,,,,,,,,,,,,,,,,,,,,,,,,,,,,,,,,,,,,14.0,14.0,14.0,14.0,14.0,14.0,14.0,14.0,14.0,26.0,26.0,26.0,26.0,26.0,26.0,26.0,26.0,26.0,26.0,26.0,26.0,31.0,31.0,31.0,31.0,31.0,31.0,31.0,31.0,31.0,31.0,31.0,31.0,31.0,31.0,31.0,31.0,31.0,31.0,31.0,31.0,31.0,31.0,31.0,31.0,43.0,149.0,179.0,179.0,179.0,179.0,179.0,179.0,179.0,179.0,179.0,179.0,179.0,179.0,179.0,179.0,181.0,187.0,187.0,187.0,250.0,250.0,250.0,250.0,250.0,250.0,250.0,250.0,250.0,250.0,250.0,250.0,250.0,267.0,373.0,373.0,415.0,508.0,561.0,561.0,561.0,561.0,561.0,561.0,561.0,561.0,561.0,561.0,561.0,561.0,561.0,561.0,561.0,561.0,561.0,561.0,561.0,561.0,561.0,561.0,561.0,561.0,561.0,561.0,561.0,561.0,561.0,561.0,561.0,561.0,561.0,561.0,561.0,561.0,561.0,561.0,561.0,561.0,561.0,561.0,561.0,561.0,644.0,759.0,876.0,994.0,1080.0,1100.0,1214.0,1334.0,1453.0,1571.0,1642.0,1642.0,1642.0,1642.0,1642.0,1642.0,1642.0,1642.0,1642.0,1642.0,1642.0,1642.0,1642.0,1642.0,1642.0,1642.0,1642.0,1642.0,1642.0,1642.0,1642.0,1642.0,1642.0,1642.0,1642.0,1642.0,1642.0,1642.0,1642.0,1642.0,1642.0,1642.0,1642.0,1642.0,1642.0,1642.0,1642.0,1649.0,1675.0,1675.0,1675.0,1675.0,1675.0,1675.0,1675.0,1675.0,1724.0,1724.0,1724.0,1729.0,1753.0,1877.0,2003.0,2007.0,2013.0,2013.0,2013.0,2013.0,2013.0,2013.0,2013.0,2013.0,2013.0,2013.0,2021.0,2031.0,2031.0,2031.0,2031.0,2031.0,2031.0,2031.0,2031.0,2031.0,2031.0,2031.0,2031.0,2031.0,2031.0,2031.0,2031.0,2031.0,2031.0,2031.0,2031.0,2031.0,2031.0,2031.0,2031.0,2031.0,2031.0,2031.0,2031.0,2031.0,2031.0,2031.0,2031.0,2031.0,2031.0,2129.0,2242.0,2242.0,2242.0,2242.0,2242.0,2242.0,2242.0,2242.0,2318.0,2440.0,2489.0,2521.0,2595.0,2616.0,2667.0,2682.0,2724.0,2829.0,2952.0,3075.0,3182.0,3300.0,3419.0,3537.0,3653.0,3771.0,3891.0,3990.0,4033.0,4092.0,4146.0,4195.0,4195.0,4195.0,4195.0,4195.0,4195.0,4195.0,4195.0,4195.0,4195.0,4195.0,4195.0,4195.0,4195.0,4226.0,4338.0,4453.0,4568.0,4683.0,4797.0,4913.0,5028.0,5142.0,5255.0,5370.0,5485.0,5602.0,5716.0,5767.0,5767.0,5767.0,5767.0,5767.0,5767.0,5767.0,5767.0,5767.0,5767.0,5767.0,5767.0,5767.0,5767.0,5767.0,5767.0,5767.0,5802.0,5832.0,5832.0,5832.0,5832.0,5832.0,5832.0,5832.0,5832.0,5832.0,5832.0,5832.0,5832.0,5842.0,5842.0,5842.0,5842.0,5862.0,5862.0,5862.0,5862.0,5862.0,5862.0,5862.0,5862.0,5862.0,5862.0,5862.0,5862.0,5862.0,5862.0,5862.0,5862.0,5862.0,5862.0,5862.0,5862.0,5862.0,5862.0,5862.0,5862.0,5862.0,5862.0,5862.0,5862.0,5862.0,5862.0,5862.0,5862.0,5862.0,5862.0,5862.0,5862.0,5862.0,5862.0,5862.0,5862.0,5862.0,5862.0,5862.0,5862.0,5873.0,5873.0,5936.0,6049.0,6099.0,6161.0,6246.0,6325.0,6344.0,6344.0,6344.0,6344.0,6344.0,6344.0,6344.0,6344.0,6344.0,6344.0,6344.0,6344.0,6344.0,6344.0,6344.0,6344.0,6344.0,6344.0,6344.0,6344.0,6344.0,6344.0,6344.0,6344.0,6344.0,6344.0,6344.0,6344.0,6344.0,6344.0,6344.0,6344.0,6344.0,6344.0,6344.0,6344.0,6344.0,6344.0,6344.0,6344.0,6344.0,6344.0,6344.0,6344.0,6344.0,6344.0,6344.0,6344.0,6344.0,6344.0,6344.0,6344.0,6344.0,6344.0,6344.0,6344.0,6344.0,6344.0,6344.0,6344.0,6344.0,6344.0,6344.0,6344.0,6344.0,6344.0,6344.0,6344.0,6344.0,6344.0,6344.0,6344.0,6344.0,6344.0,6344.0,6344.0,6344.0,6344.0,6344.0,6344.0,6344.0,6344.0,6344.0,6344.0,6344.0,6344.0,6344.0,6344.0,6344.0,6344.0,6344.0,6344.0,6344.0,6344.0,6344.0,6344.0,6344.0,6344.0,6344.0,6344.0,6344.0,6344.0,6344.0,6344.0,6344.0,6344.0,6344.0,6344.0,6344.0,6381.0,6397.0,6405.0,6405.0,6405.0,6405.0,6405.0,6405.0,6405.0,6405.0,6405.0,6405.0,6405.0,6405.0,6405.0,6405.0,6405.0,6405.0,6405.0,6405.0,6405.0,6405.0,6405.0,6405.0,6405.0,6405.0,6405.0,6405.0,6405.0,6405.0,6405.0,6405.0,6405.0,6405.0,6405.0,6405.0,6405.0,6405.0,6405.0,6405.0,6405.0,6405.0,6405.0,6405.0,6405.0,6405.0,6405.0,6405.0,6405.0,6405.0,6405.0,6405.0,6405.0,6405.0,6405.0,6405.0,6405.0,6405.0,6405.0,6405.0,6405.0,6405.0,6405.0,6405.0,6405.0,6405.0,6405.0,6405.0,6405.0,6405.0,6405.0,6405.0,6405.0,6405.0,6405.0,6405.0,6405.0,6405.0,6405.0,6405.0,6405.0,6405.0,6405.0,6405.0,6405.0,6405.0,6405.0,6405.0,6405.0,6405.0,6405.0,6405.0,6405.0,6405.0,6405.0,6405.0,6405.0,6405.0,6405.0,6405.0,6405.0,6405.0,6405.0,6405.0,6405.0,6405.0,6405.0,6405.0,6405.0,6405.0,6405.0,6405.0,6405.0,6405.0,6405.0,6405.0,6405.0,6405.0,6405.0,6405.0,6405.0,6405.0,6405.0,6437.0,6528.0,6528.0,6528.0,6528.0,6528.0,6528.0,6528.0,6528.0,6528.0,6528.0,6528.0,6528.0,6528.0,6528.0,6528.0,6528.0,6528.0,6528.0,6528.0,6572.0,6648.0,6687.0,6753.0,6872.0,6985.0,7103.0,7221.0,7339.0,7457.0,7572.0,7681.0,7801.0,7920.0,8040.0,8161.0,8260.0,8278.0,8349.0,8387.0,8387.0,8387.0,8387.0,8387.0,8387.0,8387.0,8387.0,8387.0,8387.0,8387.0,8387.0,8467.0,8469.0,8501.0,8515.0,8537.0,8537.0,8537.0,8537.0,8537.0,8537.0,8537.0,8537.0,8537.0,8537.0,8537.0,8537.0,8537.0,8537.0,8537.0,8537.0,8537.0,8537.0,8537.0,8537.0,8537.0,8605.0,8668.0,8668.0,8668.0,8701.0,8701.0,8701.0,8701.0,8701.0,8701.0,8701.0,8701.0,8701.0,8701.0,8701.0,8701.0,8701.0,8701.0,8727.0,8830.0,8933.0,9035.0,9137.0,9234.0,9338.0,9446.0,9551.0,9656.0,9755.0,9859.0,9965.0,10071.0,10172.0,10277.0,10380.0,10446.0,10505.0,10582.0,10602.0,10605.0,10605.0,10605.0,10605.0,10608.0,10608.0,10608.0,10608.0,10608.0,10608.0,10608.0,10608.0,10608.0,10608.0,10608.0,10608.0,10608.0,10608.0,10608.0,10608.0,10608.0,10608.0,10608.0,10608.0,10608.0,10608.0,10608.0,10608.0,10608.0,10608.0,10616.0,10616.0,10616.0,10616.0,10616.0,10616.0,10616.0,10616.0,10616.0,10616.0,10616.0,10616.0,10616.0,10616.0,10616.0,10616.0,10616.0,10616.0,10616.0,10616.0,10616.0,10616.0,10616.0,10616.0,10616.0,10616.0,10616.0,10616.0,10616.0,10616.0,10616.0,10616.0,10616.0,10616.0,10616.0,10616.0,10616.0,10616.0,10616.0,10616.0,10616.0,10616.0,10623.0,10623.0,10623.0,10623.0,10623.0,10623.0,10623.0,10623.0,10623.0,10623.0,10623.0,10623.0,10623.0,10623.0,10623.0,10623.0,10623.0,10623.0,10623.0,10623.0,10623.0,10623.0,10623.0,10623.0,10623.0,10623.0,10623.0,10623.0,10623.0,10623.0,10624.0,10624.0,10624.0,10624.0,10624.0,10624.0,10624.0,10624.0,10624.0,10624.0,10624.0,10624.0,10624.0,10624.0,10624.0,10624.0,10624.0,10624.0,10624.0,10624.0,10624.0,10624.0,10624.0,10624.0,10624.0,10624.0,10624.0,10624.0,10624.0,10624.0,10624.0,10624.0,10624.0,10624.0,10624.0,10624.0,10624.0,10624.0,10624.0,10624.0,10624.0,10642.0,10642.0,10642.0,10642.0,10642.0,10642.0,10642.0,10642.0,10642.0,10642.0,10642.0,10642.0,10642.0,10642.0,10642.0,10642.0,10642.0,10642.0,10642.0,10642.0,10642.0,10642.0,10642.0,10642.0,10642.0,10642.0,10642.0,10642.0,10642.0,10642.0,10642.0,10642.0,10642.0,10642.0,10642.0,10642.0,10642.0,10642.0,10642.0,10642.0,10642.0,10642.0,10642.0,10642.0,10642.0,10642.0,10657.0,10657.0,10657.0,10657.0,10657.0,10657.0,10657.0,10657.0,10657.0,10657.0,10657.0,10657.0,10657.0,10657.0,10657.0,10657.0,10657.0,10657.0,10657.0,10657.0,10657.0,10657.0,10657.0,10686.0,,,,,,,,,,,,,,,,,,,,,,,,,,,,,,,,,,,,,,,,,,,,,,,,,,,,,,,,,,,,,,,,,,,,,,,,,,,,,,,,,,,,,,,
2020-07-04,ios,,,,,,,,,,,,,,,,,,,,,,,,,,,,,,,,,,,,,,,,,,,,,,,,,,,,,,,,,,,,,,,,,,,,,,,,,,,,,,,,,,,,,,,,,,,,,,,,,,,,,,,,,,,,,,,,,,,,,,,,,,,,,,,,,,,,,,,,,,,,,,,,,,,,,,,,,,,,,,,,,,,,,,,,,,,,,,,,,,,,,,,,,,,,,,,,,,,,,,,,,,,,,,,,,,,,,,,,,,,,,,,,,,,,,,,,,,,,,,,,,,,,,,,,,,,,,,,,,,,,,,,,,,,,,,,,,,,,,,,,,,,,,,,,,,,,,,,,,,,,,,,,,,,,,,,,,,,,,,,,,,,,,,,,,,,,,,,,,,,,,,,,,,,,,,,,,,,,,,,,,,,,,,,,,,,,,,,,,,,,,,,,,,,,,,,,,,,,,,,,,,,,,,,,,,,,,,,,,,,,,,,,,,,,,,,,,,,,,,,,,,,,,,,,,,,,,,,,,,,,,,,,,,,,,,,,,,,,,,,,,,,2.0,2.0,2.0,2.0,2.0,2.0,2.0,2.0,2.0,2.0,2.0,2.0,2.0,2.0,2.0,7.0,14.0,24.0,24.0,24.0,24.0,24.0,24.0,24.0,24.0,24.0,24.0,24.0,24.0,24.0,24.0,24.0,24.0,24.0,24.0,24.0,24.0,24.0,24.0,24.0,24.0,24.0,24.0,24.0,24.0,24.0,24.0,24.0,24.0,24.0,24.0,24.0,24.0,24.0,24.0,24.0,24.0,24.0,24.0,24.0,24.0,24.0,24.0,24.0,24.0,24.0,24.0,24.0,24.0,24.0,24.0,24.0,24.0,24.0,24.0,24.0,24.0,24.0,24.0,24.0,24.0,24.0,24.0,24.0,24.0,24.0,24.0,24.0,24.0,40.0,53.0,78.0,84.0,101.0,126.0,156.0,258.0,319.0,345.0,358.0,358.0,358.0,358.0,358.0,358.0,358.0,358.0,358.0,358.0,358.0,358.0,358.0,358.0,377.0,396.0,396.0,396.0,396.0,396.0,396.0,396.0,396.0,396.0,396.0,396.0,396.0,396.0,396.0,396.0,396.0,399.0,399.0,399.0,399.0,403.0,403.0,403.0,403.0,403.0,403.0,403.0,403.0,403.0,403.0,403.0,403.0,403.0,403.0,403.0,403.0,429.0,454.0,454.0,454.0,454.0,454.0,454.0,462.0,462.0,462.0,464.0,464.0,464.0,464.0,473.0,473.0,473.0,473.0,473.0,473.0,473.0,473.0,473.0,473.0,473.0,473.0,473.0,473.0,473.0,473.0,473.0,473.0,473.0,473.0,473.0,489.0,525.0,549.0,584.0,597.0,597.0,620.0,669.0,701.0,705.0,705.0,705.0,705.0,705.0,705.0,705.0,705.0,705.0,705.0,705.0,705.0,705.0,705.0,705.0,705.0,705.0,705.0,705.0,705.0,705.0,705.0,705.0,705.0,705.0,705.0,705.0,705.0,705.0,705.0,705.0,705.0,705.0,705.0,705.0,705.0,705.0,705.0,705.0,705.0,705.0,705.0,705.0,705.0,705.0,705.0,705.0,705.0,705.0,705.0,705.0,705.0,705.0,705.0,705.0,705.0,705.0,705.0,705.0,705.0,705.0,705.0,705.0,705.0,705.0,705.0,705.0,705.0,705.0,705.0,710.0,730.0,730.0,743.0,743.0,743.0,743.0,743.0,743.0,744.0,800.0,866.0,948.0,950.0,950.0,950.0,950.0,950.0,950.0,952.0,952.0,952.0,952.0,952.0,952.0,952.0,952.0,952.0,952.0,952.0,952.0,952.0,952.0,952.0,952.0,952.0,952.0,952.0,952.0,952.0,952.0,952.0,952.0,952.0,952.0,952.0,952.0,952.0,952.0,952.0,952.0,952.0,952.0,952.0,952.0,952.0,952.0,952.0,952.0,952.0,952.0,952.0,952.0,952.0,952.0,952.0,952.0,952.0,952.0,952.0,952.0,952.0,952.0,952.0,952.0,952.0,952.0,952.0,952.0,952.0,952.0,952.0,952.0,952.0,952.0,952.0,952.0,952.0,952.0,952.0,952.0,952.0,952.0,952.0,952.0,952.0,952.0,952.0,952.0,952.0,952.0,952.0,952.0,952.0,952.0,952.0,952.0,952.0,952.0,952.0,952.0,952.0,952.0,952.0,952.0,952.0,952.0,952.0,952.0,952.0,952.0,952.0,952.0,952.0,952.0,952.0,952.0,952.0,952.0,952.0,952.0,952.0,952.0,952.0,952.0,952.0,952.0,952.0,952.0,952.0,952.0,952.0,952.0,952.0,952.0,952.0,952.0,952.0,952.0,952.0,952.0,952.0,952.0,952.0,952.0,952.0,952.0,968.0,979.0,979.0,985.0,985.0,1002.0,1029.0,1038.0,1137.0,1200.0,1208.0,1208.0,1208.0,1208.0,1242.0,1242.0,1242.0,1277.0,1301.0,1335.0,1427.0,1427.0,1427.0,1427.0,1427.0,1427.0,1477.0,1586.0,1644.0,1644.0,1655.0,1671.0,1671.0,1671.0,1671.0,1671.0,1671.0,1709.0,1734.0,1750.0,1750.0,1760.0,1771.0,1771.0,1771.0,1771.0,1771.0,1771.0,1771.0,1771.0,1771.0,1771.0,1771.0,1771.0,1771.0,1771.0,1771.0,1771.0,1771.0,1791.0,1809.0,1844.0,1844.0,1890.0,1916.0,2016.0,2125.0,2231.0,2261.0,2300.0,2347.0,2357.0,2357.0,2364.0,2364.0,2382.0,2382.0,2382.0,2398.0,2398.0,2398.0,2398.0,2398.0,2398.0,2398.0,2398.0,2398.0,2398.0,2398.0,2398.0,2398.0,2398.0,2398.0,2422.0,2422.0,2422.0,2476.0,2482.0,2493.0,2521.0,2521.0,2521.0,2521.0,2565.0,2584.0,2584.0,2584.0,2584.0,2584.0,2584.0,2584.0,2584.0,2584.0,2584.0,2584.0,2584.0,2584.0,2584.0,2584.0,2584.0,2584.0,2584.0,2584.0,2584.0,2584.0,2602.0,2621.0,2663.0,2761.0,2845.0,2943.0,3041.0,3144.0,3247.0,3348.0,3445.0,3485.0,3567.0,3567.0,3579.0,3579.0,3579.0,3592.0,3669.0,3753.0,3818.0,3852.0,3864.0,3864.0,3886.0,3957.0,4067.0,4147.0,4235.0,4275.0,4351.0,4462.0,4549.0,4636.0,4724.0,4815.0,4914.0,5010.0,5018.0,5044.0,5085.0,5103.0,5103.0,5103.0,5103.0,5103.0,5103.0,5103.0,5103.0,5103.0,5103.0,5103.0,5103.0,5103.0,5103.0,5103.0,5103.0,5103.0,5103.0,5103.0,5103.0,5103.0,5103.0,5103.0,5103.0,5103.0,5103.0,5103.0,5103.0,5103.0,5103.0,5107.0,5107.0,5125.0,5142.0,5174.0,5180.0,5182.0,5182.0,5182.0,5182.0,5182.0,5182.0,5182.0,5189.0,5262.0,5365.0,5466.0,5568.0,5673.0,5682.0,5728.0,5771.0,5771.0,5771.0,5771.0,5771.0,5771.0,5771.0,5771.0,5771.0,5771.0,5771.0,5772.0,5781.0,5781.0,5781.0,5800.0,5800.0,5800.0,5800.0,5800.0,5800.0,5800.0,5800.0,5800.0,5800.0,5800.0,5800.0,5800.0,5800.0,5800.0,5800.0,5825.0,5859.0,5859.0,5875.0,5901.0,5901.0,5936.0,5965.0,5996.0,5996.0,6011.0,6011.0,6011.0,6011.0,6011.0,6011.0,6011.0,6011.0,6035.0,6082.0,6082.0,6114.0,6128.0,6208.0,6212.0,6267.0,6310.0,6389.0,6459.0,6532.0,6620.0,6709.0,6804.0,6902.0,6944.0,6944.0,6944.0,6944.0,6944.0,6957.0,6967.0,6967.0,6967.0,6967.0,6967.0,6967.0,6967.0,6967.0,7004.0,7095.0,7188.0,7279.0,7368.0,7458.0,7547.0,7641.0,7731.0,7825.0,7913.0,8001.0,8097.0,8170.0,8261.0,8292.0,8356.0,8449.0,8460.0,8460.0,8470.0,8470.0,8470.0,8470.0,8470.0,8470.0,8470.0,8470.0,8470.0,8470.0,8485.0,8485.0,8485.0,8485.0,8485.0,8485.0,8485.0,8485.0,8485.0,8485.0,8485.0,8485.0,8485.0,8485.0,8485.0,8485.0,8485.0,8485.0,8485.0,8485.0,8485.0,8485.0,8485.0,8485.0,8485.0,8485.0,8485.0,8485.0,8485.0,8485.0,8485.0,8485.0,8485.0,8485.0,8485.0,8485.0,8485.0,8485.0,8485.0,8485.0,8485.0,8485.0,8485.0,8515.0,8515.0,8515.0,8515.0,8515.0,8515.0,8515.0,8515.0,8515.0,8515.0,8515.0,8515.0,8515.0,8515.0,8515.0,8515.0,8515.0,8515.0,8515.0,8515.0,8515.0,8515.0,8515.0,8515.0,8515.0,8515.0,8515.0,8515.0,8515.0,8515.0,8515.0,8515.0,8515.0,8515.0,8515.0,8515.0,8515.0,8515.0,8515.0,8515.0,8515.0,8515.0,8515.0,8515.0,8515.0,8515.0,8515.0,8515.0,8515.0,8515.0,8515.0,8515.0,8515.0,8515.0,8515.0,8515.0,8515.0,8515.0,8515.0,8515.0,8515.0,8515.0,8515.0,8515.0,8515.0,8515.0,8515.0,8515.0,8515.0,8515.0,8515.0,8515.0,8515.0,8515.0,8515.0,8515.0,8515.0,,,,,,,,,,,,,,,,,,,,,,,,,,,,,,,,,,,,,,,,,,,,,,,,,,,,,,,,,,,,,,,,,,,,,,,,,,,,,,,,,,,,,,,,,,,
2020-07-05,ios,,,,,,,,,,,,,,,,,,,,,,,,,,,,,,,,,,,,,,,,,,,,,,,,,,,,,,,,,,,,,,,,,,,,,,,,,,,,,,,,,,,,,,,,,,,,,,,,,,,,,,,,,,,,,,,,,,,,,,,,,,,,,,,,,,,,,,,,,,,,,,,,,,,,,,,,,,,,,,,,,,,,,,,,,,,,,,,,,,,,,,,,,,,,,,,,,,,,,,,,,,,,,,,,,,,,,,,,,,,,,,,,,,,,,,,,,,,,,,,,,,,,,,,,,,,,,,,,,,,,,,,,,,,,,,,,,,,,,,,,,,,,,,,,,,,,,,,,,,,,,,,,,,,,,,,,,,,,,,,,,,,,,,,,,,,,,,,,,,,,,,,,,,,,,,,,,,,,,,,,,,,,,,,,,,,,,,,,,,,,,,,,,,,,,,,,,,,,,,,,,,,,,,,,,,,,,,,,,,,,,,,,,,,,,,,,,,,,,,,,,,,,,,,,,,,,,,,,,,,,,,,,,,,,,,,,,,,,,,,,,,,25.0,25.0,25.0,25.0,25.0,25.0,25.0,25.0,25.0,25.0,25.0,25.0,25.0,25.0,25.0,25.0,25.0,25.0,25.0,25.0,25.0,25.0,25.0,25.0,25.0,25.0,25.0,25.0,25.0,25.0,25.0,25.0,25.0,25.0,25.0,25.0,25.0,25.0,25.0,25.0,25.0,25.0,25.0,37.0,37.0,37.0,37.0,37.0,37.0,37.0,37.0,37.0,37.0,37.0,37.0,37.0,37.0,37.0,37.0,37.0,37.0,37.0,43.0,43.0,43.0,43.0,43.0,43.0,43.0,43.0,43.0,43.0,43.0,43.0,43.0,43.0,43.0,43.0,43.0,43.0,43.0,43.0,43.0,43.0,43.0,43.0,43.0,43.0,43.0,43.0,43.0,43.0,43.0,43.0,43.0,43.0,43.0,43.0,43.0,43.0,43.0,43.0,43.0,43.0,54.0,54.0,54.0,54.0,54.0,54.0,54.0,54.0,54.0,54.0,54.0,54.0,54.0,54.0,54.0,54.0,54.0,54.0,54.0,54.0,54.0,54.0,54.0,54.0,54.0,54.0,54.0,54.0,62.0,62.0,107.0,198.0,234.0,234.0,234.0,234.0,234.0,234.0,244.0,244.0,251.0,251.0,251.0,251.0,251.0,251.0,251.0,274.0,310.0,337.0,337.0,337.0,337.0,337.0,346.0,346.0,346.0,346.0,346.0,346.0,346.0,346.0,346.0,346.0,346.0,346.0,346.0,346.0,346.0,346.0,346.0,346.0,346.0,346.0,346.0,346.0,346.0,346.0,346.0,346.0,346.0,346.0,346.0,346.0,346.0,346.0,346.0,346.0,346.0,346.0,346.0,346.0,346.0,346.0,346.0,346.0,346.0,346.0,346.0,346.0,346.0,346.0,346.0,346.0,346.0,346.0,346.0,346.0,346.0,346.0,346.0,346.0,346.0,346.0,346.0,346.0,346.0,346.0,346.0,346.0,346.0,346.0,346.0,346.0,346.0,346.0,346.0,346.0,346.0,346.0,346.0,346.0,346.0,346.0,346.0,346.0,346.0,346.0,346.0,346.0,346.0,346.0,346.0,346.0,346.0,346.0,346.0,346.0,346.0,346.0,346.0,346.0,346.0,346.0,346.0,346.0,346.0,346.0,346.0,346.0,346.0,346.0,346.0,346.0,346.0,356.0,357.0,357.0,357.0,466.0,571.0,687.0,800.0,905.0,1015.0,1126.0,1237.0,1345.0,1455.0,1558.0,1666.0,1773.0,1879.0,1989.0,2097.0,2121.0,2175.0,2267.0,2306.0,2306.0,2306.0,2306.0,2306.0,2306.0,2306.0,2306.0,2306.0,2306.0,2306.0,2306.0,2306.0,2306.0,2306.0,2306.0,2306.0,2306.0,2306.0,2306.0,2306.0,2306.0,2306.0,2306.0,2306.0,2306.0,2306.0,2306.0,2306.0,2306.0,2306.0,2306.0,2306.0,2306.0,2306.0,2306.0,2306.0,2306.0,2306.0,2306.0,2306.0,2306.0,2306.0,2306.0,2306.0,2306.0,2306.0,2306.0,2306.0,2306.0,2306.0,2306.0,2306.0,2306.0,2306.0,2306.0,2306.0,2306.0,2306.0,2306.0,2306.0,2306.0,2306.0,2306.0,2306.0,2306.0,2306.0,2306.0,2306.0,2306.0,2306.0,2306.0,2306.0,2306.0,2306.0,2306.0,2306.0,2306.0,2306.0,2306.0,2306.0,2306.0,2306.0,2306.0,2306.0,2306.0,2306.0,2306.0,2306.0,2306.0,2306.0,2306.0,2306.0,2306.0,2306.0,2306.0,2306.0,2306.0,2306.0,2306.0,2306.0,2306.0,2306.0,2306.0,2306.0,2306.0,2306.0,2306.0,2306.0,2306.0,2306.0,2306.0,2306.0,2306.0,2306.0,2306.0,2306.0,2306.0,2306.0,2306.0,2306.0,2306.0,2306.0,2306.0,2306.0,2306.0,2306.0,2306.0,2306.0,2306.0,2306.0,2306.0,2306.0,2306.0,2306.0,2306.0,2306.0,2306.0,2306.0,2306.0,2306.0,2306.0,2306.0,2306.0,2306.0,2306.0,2306.0,2306.0,2306.0,2306.0,2306.0,2306.0,2306.0,2306.0,2306.0,2306.0,2306.0,2306.0,2306.0,2306.0,2306.0,2306.0,2306.0,2306.0,2306.0,2306.0,2306.0,2306.0,2306.0,2306.0,2306.0,2306.0,2306.0,2306.0,2306.0,2306.0,2306.0,2306.0,2306.0,2306.0,2306.0,2306.0,2306.0,2306.0,2306.0,2306.0,2306.0,2306.0,2306.0,2306.0,2306.0,2306.0,2306.0,2306.0,2306.0,2306.0,2306.0,2306.0,2306.0,2306.0,2306.0,2306.0,2306.0,2306.0,2306.0,2306.0,2306.0,2306.0,2306.0,2306.0,2306.0,2306.0,2306.0,2306.0,2306.0,2306.0,2306.0,2306.0,2306.0,2306.0,2306.0,2334.0,2425.0,2517.0,2621.0,2721.0,2825.0,2927.0,3030.0,3136.0,3243.0,3347.0,3453.0,3560.0,3670.0,3778.0,3885.0,3992.0,4100.0,4190.0,4298.0,4409.0,4456.0,4489.0,4489.0,4489.0,4489.0,4489.0,4489.0,4489.0,4489.0,4489.0,4489.0,4489.0,4489.0,4489.0,4489.0,4489.0,4489.0,4489.0,4489.0,4489.0,4489.0,4489.0,4489.0,4489.0,4489.0,4489.0,4489.0,4489.0,4489.0,4489.0,4489.0,4489.0,4489.0,4489.0,4489.0,4489.0,4489.0,4489.0,4489.0,4489.0,4489.0,4489.0,4489.0,4489.0,4489.0,4489.0,4508.0,4545.0,4575.0,4575.0,4575.0,4575.0,4575.0,4575.0,4575.0,4597.0,4666.0,4774.0,4796.0,4867.0,4867.0,4911.0,4933.0,4933.0,4933.0,4933.0,4933.0,4933.0,4933.0,4933.0,4933.0,4933.0,4933.0,4933.0,4933.0,4933.0,4933.0,4933.0,4933.0,4933.0,4933.0,4933.0,4933.0,4933.0,4933.0,4933.0,4933.0,4933.0,4933.0,4933.0,4933.0,4933.0,4933.0,4933.0,4933.0,4933.0,4933.0,4933.0,4933.0,4933.0,4933.0,4933.0,4933.0,4933.0,4933.0,4933.0,4933.0,4933.0,4933.0,4933.0,4933.0,4933.0,4933.0,4933.0,4933.0,4933.0,4933.0,4933.0,4933.0,4933.0,4933.0,4933.0,4933.0,4933.0,4933.0,4933.0,4933.0,4933.0,4933.0,4933.0,4933.0,4933.0,4933.0,4933.0,4933.0,4933.0,4933.0,4933.0,4933.0,4933.0,4933.0,4933.0,4933.0,4933.0,4933.0,4933.0,4933.0,4933.0,4933.0,4967.0,4967.0,4993.0,5040.0,5040.0,5040.0,5040.0,5040.0,5040.0,5040.0,5040.0,5040.0,5040.0,5040.0,5040.0,5040.0,5078.0,5112.0,5112.0,5112.0,5213.0,5302.0,5302.0,5302.0,5302.0,5302.0,5302.0,5302.0,5302.0,5302.0,5335.0,5367.0,5427.0,5452.0,5452.0,5452.0,5452.0,5452.0,5454.0,5454.0,5454.0,5454.0,5454.0,5454.0,5454.0,5454.0,5454.0,5454.0,5454.0,5454.0,5454.0,5454.0,5454.0,5454.0,5454.0,5454.0,5454.0,5454.0,5454.0,5454.0,5454.0,5454.0,5454.0,5454.0,5454.0,5454.0,5454.0,5454.0,5454.0,5454.0,5454.0,5454.0,5454.0,5454.0,5454.0,5454.0,5454.0,5454.0,5454.0,5454.0,5454.0,5454.0,5454.0,5454.0,5454.0,5454.0,5454.0,5454.0,5454.0,5454.0,5454.0,5454.0,5454.0,5454.0,5454.0,5454.0,5454.0,5454.0,5454.0,5454.0,5454.0,5454.0,5454.0,5454.0,5454.0,5454.0,5454.0,5454.0,5454.0,5454.0,5454.0,5463.0,5463.0,5463.0,5463.0,5463.0,5463.0,5463.0,5463.0,5463.0,5463.0,5463.0,5463.0,5463.0,5463.0,5463.0,5463.0,5463.0,5463.0,5463.0,5463.0,5463.0,5463.0,5463.0,5463.0,5463.0,5463.0,5463.0,5463.0,5463.0,5463.0,5463.0,5463.0,5463.0,5463.0,5463.0,5463.0,5463.0,5463.0,5463.0,5463.0,5463.0,5463.0,5463.0,5463.0,5463.0,5463.0,5463.0,5463.0,5463.0,5463.0,5463.0,5463.0,5463.0,5463.0,5463.0,5463.0,5463.0,5463.0,,,,,,,,,,,,,,,,,,,,,,,,,,,,,,,,,,,,,,,,,,,,,,,,,,,,,,,,,,,,,,,,,,,,,,,,,,,,,,,,,,,,,,,,,,,,,,,,,,,,,,,,,,
2020-07-06,ios,,,,,,,,,,,,,,,,,,,,,,,,,,,,,,,,,,,,,,,,,,,,,,,,,,,,,,,,,,,,,,,,,,,,,,,,,,,,,,,,,,,,,,,,,,,,,,,,,,,,,,,,,,,,,,,,,,,,,,,,,,,,,,,,,,,,,,,,,,,,,,,,,,,,,,,,,,,,,,,,,,,,,,,,,,,,,,,,,,,,,,,,,,,,,,,,,,,,,,,,,,,,,,,,,,,,,,,,,,,,,,,,,,,,,,,,,,,,,,,,,,,,,,,,,,,,,,,,,,,,,,,,,,,,,,,,,,,,,,,,,,,,,,,,,,,,,,,,,,,,,,,,,,,,,,,,,,,,,,,,,,,,,,,,,,,,,,,,,,,,,,,,,,,,,,,,,,,,,,,,,,,,,,,,,,,,,,,,,,,,,,,,,,,,,,,,,,,,,,,,,,,,,,,,,,,,,,,,,,,,,,,,,,,,,,,,,,,,,,,,,,,,,,,,,,,,,,,,,,,,,,,16.0,51.0,84.0,206.0,246.0,256.0,256.0,256.0,256.0,256.0,256.0,256.0,256.0,256.0,256.0,256.0,256.0,256.0,256.0,256.0,290.0,394.0,453.0,460.0,560.0,683.0,803.0,924.0,1044.0,1117.0,1155.0,1155.0,1155.0,1155.0,1155.0,1155.0,1155.0,1155.0,1155.0,1155.0,1261.0,1379.0,1496.0,1614.0,1732.0,1830.0,1868.0,1868.0,1868.0,1868.0,1868.0,1868.0,1868.0,1868.0,1868.0,1868.0,1868.0,1868.0,1868.0,1868.0,1868.0,1868.0,1868.0,1868.0,1868.0,1868.0,1868.0,1868.0,1868.0,1868.0,1868.0,1868.0,1868.0,1868.0,1868.0,1868.0,1868.0,1868.0,1868.0,1868.0,1868.0,1868.0,1868.0,1868.0,1868.0,1868.0,1868.0,1868.0,1868.0,1868.0,1868.0,1868.0,1868.0,1868.0,1868.0,1868.0,1868.0,1868.0,1868.0,1868.0,1868.0,1868.0,1868.0,1868.0,1868.0,1868.0,1868.0,1868.0,1868.0,1868.0,1868.0,1868.0,1868.0,1868.0,1868.0,1868.0,1868.0,1868.0,1868.0,1868.0,1868.0,1868.0,1868.0,1868.0,1868.0,1868.0,1868.0,1868.0,1868.0,1868.0,1868.0,1868.0,1868.0,1868.0,1868.0,1868.0,1868.0,1868.0,1868.0,1868.0,1868.0,1868.0,1868.0,1868.0,1868.0,1868.0,1868.0,1868.0,1868.0,1868.0,1868.0,1868.0,1868.0,1868.0,1868.0,1868.0,1868.0,1868.0,1868.0,1868.0,1868.0,1868.0,1868.0,1868.0,1868.0,1868.0,1868.0,1868.0,1868.0,1868.0,1868.0,1868.0,1868.0,1868.0,1868.0,1868.0,1868.0,1868.0,1868.0,1868.0,1868.0,1868.0,1868.0,1868.0,1868.0,1868.0,1868.0,1868.0,1868.0,1868.0,1868.0,1868.0,1868.0,1868.0,1868.0,1868.0,1868.0,1868.0,1868.0,1868.0,1868.0,1868.0,1868.0,1868.0,1868.0,1868.0,1868.0,1868.0,1868.0,1868.0,1868.0,1868.0,1868.0,1868.0,1868.0,1868.0,1868.0,1868.0,1868.0,1868.0,1868.0,1868.0,1868.0,1868.0,1868.0,1868.0,1868.0,1868.0,1868.0,1868.0,1868.0,1868.0,1947.0,2055.0,2178.0,2298.0,2422.0,2547.0,2577.0,2577.0,2577.0,2577.0,2577.0,2577.0,2577.0,2593.0,2676.0,2737.0,2737.0,2737.0,2737.0,2737.0,2737.0,2737.0,2737.0,2737.0,2737.0,2737.0,2737.0,2824.0,2947.0,3063.0,3179.0,3297.0,3416.0,3534.0,3655.0,3771.0,3886.0,3933.0,3933.0,4022.0,4144.0,4204.0,4315.0,4320.0,4354.0,4354.0,4380.0,4474.0,4553.0,4668.0,4668.0,4682.0,4802.0,4923.0,4987.0,5089.0,5214.0,5337.0,5451.0,5535.0,5535.0,5574.0,5580.0,5580.0,5580.0,5580.0,5622.0,5622.0,5622.0,5622.0,5622.0,5622.0,5622.0,5622.0,5622.0,5622.0,5622.0,5622.0,5622.0,5622.0,5622.0,5622.0,5622.0,5644.0,5728.0,5807.0,5846.0,5858.0,5858.0,5858.0,5858.0,5858.0,5858.0,5858.0,5858.0,5858.0,5858.0,5858.0,5858.0,5858.0,5858.0,5858.0,5858.0,5858.0,5858.0,5858.0,5858.0,5858.0,5858.0,5858.0,5858.0,5858.0,5858.0,5858.0,5858.0,5858.0,5858.0,5858.0,5858.0,5858.0,5858.0,5858.0,5858.0,5858.0,5858.0,5858.0,5858.0,5858.0,5858.0,5858.0,5858.0,5858.0,5858.0,5858.0,5858.0,5858.0,5858.0,5858.0,5858.0,5858.0,5858.0,5858.0,5858.0,5859.0,5891.0,5891.0,5891.0,5891.0,5891.0,5891.0,5891.0,5891.0,5891.0,5891.0,5891.0,5891.0,5891.0,5891.0,5891.0,5891.0,5891.0,5891.0,5891.0,5891.0,5891.0,5891.0,5891.0,5891.0,5891.0,5891.0,5891.0,5891.0,5891.0,5891.0,5891.0,5891.0,5891.0,5891.0,5891.0,5891.0,5891.0,5891.0,5891.0,5891.0,5891.0,5891.0,5891.0,5891.0,5891.0,5891.0,5891.0,5891.0,5891.0,5891.0,5891.0,5891.0,5891.0,5891.0,5891.0,5891.0,5891.0,5891.0,5891.0,5891.0,5891.0,5891.0,5891.0,5891.0,5891.0,5891.0,5891.0,5891.0,5891.0,5891.0,5891.0,5891.0,5891.0,5891.0,5891.0,5891.0,5891.0,5891.0,5891.0,5891.0,5891.0,5891.0,5891.0,5891.0,5891.0,5891.0,5891.0,5891.0,5891.0,5891.0,5891.0,5891.0,5891.0,5891.0,5891.0,5891.0,5891.0,5891.0,5891.0,5891.0,5891.0,5891.0,5891.0,5891.0,5891.0,5891.0,5891.0,5891.0,5891.0,5891.0,5891.0,5891.0,5891.0,5891.0,5891.0,5891.0,5891.0,5891.0,5891.0,5891.0,5891.0,5891.0,5891.0,5891.0,5891.0,5891.0,5891.0,5891.0,5891.0,5891.0,5891.0,5891.0,5891.0,5891.0,5891.0,5891.0,5891.0,5891.0,5891.0,5891.0,5891.0,5891.0,5891.0,5891.0,5891.0,5891.0,5891.0,5891.0,5891.0,5891.0,5891.0,5891.0,5891.0,5891.0,5891.0,5891.0,5891.0,5891.0,5891.0,5891.0,5891.0,5891.0,5891.0,5891.0,5948.0,5973.0,6011.0,6011.0,6011.0,6011.0,6011.0,6011.0,6011.0,6011.0,6011.0,6011.0,6011.0,6011.0,6011.0,6011.0,6011.0,6011.0,6011.0,6011.0,6011.0,6011.0,6069.0,6136.0,6210.0,6210.0,6210.0,6210.0,6210.0,6210.0,6210.0,6210.0,6210.0,6210.0,6210.0,6210.0,6210.0,6221.0,6256.0,6268.0,6293.0,6319.0,6319.0,6319.0,6319.0,6319.0,6319.0,6319.0,6319.0,6319.0,6319.0,6319.0,6319.0,6319.0,6319.0,6319.0,6319.0,6319.0,6319.0,6319.0,6319.0,6319.0,6319.0,6319.0,6319.0,6319.0,6319.0,6319.0,6319.0,6319.0,6319.0,6319.0,6319.0,6319.0,6319.0,6319.0,6319.0,6319.0,6319.0,6319.0,6319.0,6319.0,6319.0,6319.0,6319.0,6319.0,6319.0,6319.0,6319.0,6319.0,6319.0,6319.0,6319.0,6319.0,6319.0,6319.0,6319.0,6319.0,6319.0,6319.0,6319.0,6319.0,6319.0,6319.0,6319.0,6319.0,6319.0,6319.0,6319.0,6319.0,6319.0,6319.0,6319.0,6319.0,6319.0,6319.0,6319.0,6319.0,6319.0,6319.0,6360.0,6360.0,6360.0,6360.0,6360.0,6360.0,6360.0,6368.0,6393.0,6393.0,6393.0,6393.0,6393.0,6393.0,6393.0,6393.0,6393.0,6393.0,6393.0,6393.0,6393.0,6393.0,6393.0,6434.0,6463.0,6476.0,6476.0,6476.0,6476.0,6476.0,6476.0,6476.0,6476.0,6500.0,6571.0,6646.0,6657.0,6657.0,6657.0,6657.0,6657.0,6657.0,6657.0,6657.0,6657.0,6657.0,6657.0,6657.0,6657.0,6657.0,6657.0,6657.0,6657.0,6657.0,6657.0,6657.0,6657.0,6657.0,6657.0,6657.0,6657.0,6657.0,6657.0,6657.0,6657.0,6657.0,6657.0,6657.0,6657.0,6657.0,6657.0,6657.0,6657.0,6657.0,6657.0,6657.0,6657.0,6657.0,6657.0,6657.0,6657.0,6657.0,6657.0,6657.0,6657.0,6657.0,6657.0,6657.0,6657.0,6657.0,6667.0,6667.0,6667.0,6667.0,6667.0,6667.0,6667.0,6667.0,6667.0,6667.0,6667.0,6667.0,6667.0,6667.0,6667.0,6667.0,6667.0,6667.0,6667.0,6667.0,6667.0,6667.0,6667.0,6667.0,6667.0,6667.0,6667.0,6667.0,6667.0,6667.0,6667.0,6667.0,6667.0,6667.0,6667.0,6667.0,6667.0,6667.0,6667.0,6667.0,6667.0,6667.0,6667.0,6667.0,6667.0,6667.0,6667.0,6667.0,6667.0,6669.0,6670.0,6670.0,6670.0,6670.0,6670.0,6670.0,6670.0,6670.0,6670.0,6670.0,6670.0,6670.0,6670.0,6670.0,6670.0,6670.0,6670.0,6670.0,6670.0,6670.0,6670.0,6670.0,6670.0,6670.0,6670.0,6670.0,6670.0,6670.0,6670.0,6670.0,,,,,,,,,,,,,,,,,,,,,,,,,,,,,,,,,,,,,,,,,,,,,,,,,,,,,,,,,,,,,,,,,,,,,,,,,,,,,,,,,,,,,,,,,,,,,,,,,,,,,,,,,,,,,,,,,,,,,,,,,,,,,,,,,,,,,,,,,,,,,,,,,,,,
2020-07-07,ios,,,,,,,,,,,,,,,,,,,,,,,,,,,,,,,,,,,,,,,,,,,,,,,,,,,,,,,,,,,,,,,,,,,,,,,,,,,,,,,,,,,,,,,,,,,,,,,,,,,,,,,,,,,,,,,,,,,,,,,,,,,,,,,,,,,,,,,,,,,,,,,,,,,,,,,,,,,,,,,,,,,,,,,,,,,,,,,,,,,,,,,,,,,,,,,,,,,,,,,,,,,,,,,,,,,,,,,,,,,,,,,,,,,,,,,,,,,,,,,,,,,,,,,,,,,,,,,,,,,,,,,,,,,,,,,,,,,,,,,,,,,,,,,,,,,,,,,,,,,,,,,,,,,,,,,,,,,,,,,,,,,,,,,,,,,,,,,,,,,,,,,,,,,,,,,,,,,,,,,,,,,,,,,,,,,,,,,,,,,,,,,,,,,,,,,,,,,,,,,,,,,,,,,,,,,,,,,,,,,,,,,,,,,,,,,,,,,,,,,,,,,,,,,,,,,,,,,,,,,,,,,,,,12.0,15.0,104.0,193.0,203.0,203.0,203.0,203.0,203.0,203.0,203.0,203.0,203.0,203.0,203.0,203.0,203.0,203.0,203.0,203.0,203.0,211.0,257.0,257.0,257.0,257.0,257.0,257.0,257.0,257.0,257.0,257.0,257.0,257.0,284.0,393.0,393.0,449.0,540.0,545.0,545.0,545.0,545.0,545.0,545.0,545.0,545.0,545.0,545.0,545.0,545.0,545.0,545.0,545.0,545.0,545.0,545.0,545.0,545.0,545.0,545.0,545.0,545.0,545.0,545.0,545.0,545.0,545.0,545.0,545.0,545.0,545.0,545.0,545.0,545.0,545.0,545.0,545.0,545.0,545.0,545.0,545.0,545.0,545.0,545.0,545.0,545.0,545.0,573.0,573.0,573.0,573.0,573.0,573.0,573.0,573.0,573.0,573.0,573.0,573.0,573.0,573.0,573.0,573.0,573.0,573.0,573.0,573.0,573.0,573.0,573.0,573.0,573.0,573.0,573.0,573.0,573.0,573.0,573.0,573.0,573.0,573.0,573.0,573.0,573.0,573.0,573.0,573.0,573.0,573.0,573.0,573.0,573.0,573.0,573.0,573.0,573.0,573.0,573.0,573.0,573.0,573.0,573.0,573.0,573.0,573.0,573.0,573.0,573.0,573.0,573.0,573.0,573.0,573.0,573.0,573.0,573.0,573.0,573.0,573.0,573.0,573.0,573.0,573.0,600.0,600.0,600.0,600.0,600.0,600.0,600.0,600.0,600.0,600.0,600.0,600.0,600.0,600.0,640.0,640.0,640.0,653.0,669.0,669.0,669.0,669.0,669.0,669.0,669.0,669.0,669.0,669.0,669.0,669.0,669.0,669.0,669.0,669.0,669.0,669.0,669.0,669.0,669.0,669.0,669.0,669.0,669.0,669.0,669.0,669.0,669.0,669.0,669.0,669.0,669.0,669.0,669.0,669.0,669.0,669.0,669.0,669.0,669.0,669.0,669.0,669.0,669.0,669.0,701.0,810.0,924.0,1038.0,1156.0,1271.0,1376.0,1376.0,1376.0,1376.0,1376.0,1401.0,1470.0,1470.0,1470.0,1470.0,1470.0,1470.0,1470.0,1470.0,1470.0,1470.0,1470.0,1470.0,1470.0,1470.0,1528.0,1634.0,1752.0,1866.0,1980.0,2091.0,2173.0,2281.0,2398.0,2515.0,2633.0,2751.0,2835.0,2902.0,3020.0,3069.0,3179.0,3214.0,3219.0,3239.0,3302.0,3371.0,3465.0,3580.0,3696.0,3810.0,3923.0,4037.0,4151.0,4259.0,4357.0,4430.0,4440.0,4440.0,4440.0,4440.0,4440.0,4440.0,4440.0,4440.0,4440.0,4440.0,4440.0,4440.0,4440.0,4498.0,4503.0,4503.0,4555.0,4555.0,4555.0,4555.0,4588.0,4588.0,4588.0,4588.0,4588.0,4588.0,4588.0,4588.0,4588.0,4588.0,4588.0,4588.0,4588.0,4588.0,4588.0,4588.0,4588.0,4588.0,4588.0,4588.0,4588.0,4588.0,4588.0,4588.0,4588.0,4588.0,4588.0,4588.0,4588.0,4588.0,4588.0,4588.0,4588.0,4588.0,4588.0,4588.0,4588.0,4588.0,4588.0,4588.0,4588.0,4588.0,4588.0,4588.0,4588.0,4588.0,4588.0,4588.0,4588.0,4588.0,4588.0,4588.0,4588.0,4588.0,4588.0,4588.0,4588.0,4588.0,4588.0,4588.0,4588.0,4588.0,4588.0,4588.0,4588.0,4588.0,4588.0,4588.0,4588.0,4588.0,4588.0,4588.0,4588.0,4588.0,4588.0,4588.0,4588.0,4588.0,4588.0,4645.0,4645.0,4645.0,4645.0,4645.0,4645.0,4645.0,4645.0,4645.0,4645.0,4645.0,4645.0,4695.0,4751.0,4756.0,4802.0,4802.0,4802.0,4802.0,4802.0,4802.0,4802.0,4802.0,4802.0,4802.0,4802.0,4802.0,4802.0,4802.0,4802.0,4802.0,4802.0,4802.0,4802.0,4802.0,4802.0,4802.0,4802.0,4802.0,4802.0,4802.0,4802.0,4802.0,4802.0,4802.0,4802.0,4802.0,4802.0,4802.0,4802.0,4802.0,4802.0,4802.0,4802.0,4802.0,4802.0,4802.0,4802.0,4802.0,4802.0,4802.0,4802.0,4802.0,4802.0,4802.0,4802.0,4802.0,4802.0,4802.0,4802.0,4802.0,4802.0,4802.0,4802.0,4802.0,4802.0,4802.0,4802.0,4802.0,4802.0,4802.0,4802.0,4802.0,4802.0,4802.0,4802.0,4802.0,4802.0,4802.0,4802.0,4802.0,4802.0,4802.0,4802.0,4802.0,4802.0,4802.0,4802.0,4802.0,4802.0,4802.0,4802.0,4802.0,4802.0,4802.0,4802.0,4802.0,4802.0,4802.0,4802.0,4802.0,4802.0,4802.0,4802.0,4802.0,4802.0,4802.0,4802.0,4802.0,4802.0,4802.0,4802.0,4802.0,4802.0,4802.0,4802.0,4802.0,4802.0,4802.0,4802.0,4802.0,4802.0,4802.0,4802.0,4802.0,4802.0,4802.0,4802.0,4802.0,4802.0,4802.0,4802.0,4802.0,4802.0,4802.0,4802.0,4802.0,4802.0,4802.0,4802.0,4802.0,4802.0,4802.0,4802.0,4802.0,4802.0,4802.0,4802.0,4802.0,4802.0,4802.0,4802.0,4802.0,4802.0,4802.0,4802.0,4802.0,4802.0,4802.0,4802.0,4802.0,4802.0,4802.0,4856.0,4944.0,4944.0,4961.0,4964.0,4971.0,4986.0,4986.0,4986.0,4986.0,4986.0,4986.0,4986.0,4986.0,4986.0,4986.0,4986.0,4986.0,5014.0,5052.0,5052.0,5052.0,5052.0,5052.0,5052.0,5052.0,5052.0,5052.0,5052.0,5052.0,5052.0,5052.0,5052.0,5052.0,5052.0,5052.0,5052.0,5052.0,5052.0,5052.0,5052.0,5052.0,5052.0,5052.0,5052.0,5052.0,5052.0,5052.0,5052.0,5052.0,5052.0,5052.0,5052.0,5052.0,5052.0,5052.0,5052.0,5052.0,5052.0,5052.0,5052.0,5052.0,5052.0,5052.0,5052.0,5052.0,5052.0,5052.0,5052.0,5052.0,5052.0,5052.0,5052.0,5052.0,5052.0,5052.0,5052.0,5052.0,5052.0,5052.0,5052.0,5052.0,5052.0,5052.0,5052.0,5052.0,5052.0,5052.0,5052.0,5052.0,5052.0,5052.0,5052.0,5052.0,5052.0,5052.0,5052.0,5070.0,5087.0,5104.0,5136.0,5136.0,5136.0,5136.0,5136.0,5136.0,5136.0,5136.0,5136.0,5153.0,5197.0,5258.0,5311.0,5311.0,5311.0,5311.0,5311.0,5311.0,5311.0,5311.0,5311.0,5311.0,5311.0,5311.0,5311.0,5311.0,5311.0,5311.0,5311.0,5311.0,5311.0,5311.0,5311.0,5311.0,5311.0,5311.0,5311.0,5311.0,5311.0,5311.0,5311.0,5311.0,5319.0,5319.0,5319.0,5319.0,5319.0,5319.0,5319.0,5319.0,5319.0,5319.0,5336.0,5336.0,5336.0,5336.0,5336.0,5336.0,5336.0,5336.0,5336.0,5336.0,5336.0,5336.0,5336.0,5336.0,5336.0,5336.0,5336.0,5336.0,5336.0,5336.0,5336.0,5336.0,5336.0,5336.0,5336.0,5336.0,5336.0,5336.0,5336.0,5336.0,5336.0,5336.0,5336.0,5336.0,5336.0,5336.0,5336.0,5336.0,5336.0,5336.0,5336.0,5336.0,5336.0,5336.0,5336.0,5336.0,5336.0,5336.0,5336.0,5336.0,5336.0,5336.0,5336.0,5336.0,5336.0,5336.0,5336.0,5336.0,5336.0,5336.0,5336.0,5336.0,5336.0,5336.0,5336.0,5336.0,5336.0,5336.0,5336.0,5336.0,5336.0,5336.0,5336.0,5336.0,5336.0,5336.0,5336.0,5336.0,5336.0,5336.0,5336.0,5336.0,5336.0,5336.0,5336.0,5336.0,5336.0,5336.0,5336.0,5336.0,5336.0,5336.0,5336.0,5336.0,5336.0,5336.0,5336.0,5336.0,5336.0,5336.0,5336.0,5336.0,5336.0,5336.0,5336.0,5336.0,5336.0,5336.0,5336.0,5336.0,5336.0,5336.0,5336.0,5336.0,5336.0,5336.0,5336.0,5336.0,5336.0,5336.0,5336.0,5336.0,5336.0,5336.0,5336.0,5336.0,5336.0,5336.0,5336.0,5336.0,5336.0,5336.0,5336.0,5336.0,5336.0,5336.0,5336.0,5336.0,5336.0,5359.0,5359.0,5359.0,5359.0,5359.0,5370.0,5370.0,5370.0,5382.0,5382.0,5382.0,5382.0,5382.0,5382.0,5382.0,5382.0,5382.0,5382.0,5382.0,5382.0,5382.0,5382.0,5382.0,5382.0,5382.0,5382.0,,,,,,,,,,,,,,,,,,,,,,,,,,,,,,,,,,,,,,,,,,,,,,,,,,,,,,,,,,,,,,,,,,,,,,,,,,,,,,,,,,,,,,,,,,,,,,,,,,,,
2020-07-08,ios,,,,,,,,,,,,,,,,,,,,,,,,,,,,,,,,,,,,,,,,,,,,,,,,,,,,,,,,,,,,,,,,,,,,,,,,,,,,,,,,,,,,,,,,,,,,,,,,,,,,,,,,,,,,,,,,,,,,,,,,,,,,,,,,,,,,,,,,,,,,,,,,,,,,,,,,,,,,,,,,,,,,,,,,,,,,,,,,,,,,,,,,,,,,,,,,,,,,,,,,,,,,,,,,,,,,,,,,,,,,,,,,,,,,,,,,,,,,,,,,,,,,,,,,,,,,,,,,,,,,,,,,,,,,,,,,,,,,,,,,,,,,,,,,,,,,,,,,,,,,,,,,,,,,,,,,,,,,,,,,,,,,,,,,,,,,,,,,,,,,,,,,,,,,,,,,,,,,,,,,,,,,,,,,,,,,,,,,,,,,,,,,,,,,,,,,,,,,,,,,,,,,,,,,,,,,,,,,,,,,,,,,,,,,,,,,,,,,,,,,,,,,,,,,,,,,,,,18.0,77.0,186.0,189.0,189.0,189.0,189.0,189.0,189.0,189.0,189.0,189.0,189.0,189.0,189.0,189.0,189.0,189.0,189.0,189.0,279.0,347.0,464.0,580.0,696.0,755.0,755.0,755.0,755.0,755.0,755.0,755.0,755.0,755.0,755.0,755.0,755.0,755.0,755.0,798.0,891.0,997.0,1109.0,1217.0,1326.0,1435.0,1496.0,1509.0,1551.0,1567.0,1567.0,1567.0,1567.0,1567.0,1601.0,1616.0,1616.0,1616.0,1616.0,1616.0,1616.0,1616.0,1616.0,1616.0,1616.0,1616.0,1616.0,1616.0,1616.0,1616.0,1616.0,1616.0,1616.0,1616.0,1616.0,1616.0,1616.0,1616.0,1616.0,1616.0,1616.0,1616.0,1616.0,1616.0,1616.0,1616.0,1616.0,1616.0,1616.0,1616.0,1616.0,1616.0,1616.0,1616.0,1616.0,1616.0,1616.0,1616.0,1616.0,1616.0,1616.0,1616.0,1616.0,1616.0,1616.0,1616.0,1616.0,1616.0,1616.0,1616.0,1616.0,1616.0,1616.0,1616.0,1616.0,1616.0,1616.0,1616.0,1616.0,1616.0,1616.0,1616.0,1616.0,1616.0,1616.0,1616.0,1616.0,1616.0,1616.0,1616.0,1616.0,1616.0,1616.0,1616.0,1616.0,1616.0,1616.0,1616.0,1616.0,1616.0,1616.0,1616.0,1616.0,1616.0,1616.0,1616.0,1616.0,1616.0,1616.0,1616.0,1616.0,1616.0,1616.0,1616.0,1616.0,1616.0,1616.0,1616.0,1616.0,1616.0,1616.0,1616.0,1616.0,1616.0,1616.0,1616.0,1616.0,1616.0,1616.0,1616.0,1616.0,1616.0,1616.0,1616.0,1616.0,1616.0,1616.0,1616.0,1616.0,1616.0,1616.0,1616.0,1616.0,1616.0,1616.0,1616.0,1616.0,1616.0,1616.0,1616.0,1616.0,1616.0,1616.0,1616.0,1616.0,1616.0,1616.0,1616.0,1616.0,1616.0,1616.0,1616.0,1616.0,1616.0,1616.0,1616.0,1616.0,1616.0,1616.0,1616.0,1616.0,1616.0,1616.0,1616.0,1616.0,1616.0,1616.0,1616.0,1616.0,1616.0,1616.0,1616.0,1616.0,1616.0,1616.0,1616.0,1616.0,1616.0,1616.0,1616.0,1616.0,1616.0,1616.0,1616.0,1616.0,1616.0,1616.0,1616.0,1662.0,1751.0,1847.0,1938.0,2030.0,2127.0,2221.0,2321.0,2358.0,2358.0,2358.0,2358.0,2358.0,2358.0,2358.0,2358.0,2358.0,2358.0,2358.0,2410.0,2410.0,2410.0,2410.0,2410.0,2410.0,2410.0,2410.0,2410.0,2410.0,2410.0,2410.0,2410.0,2410.0,2410.0,2482.0,2596.0,2707.0,2818.0,2930.0,3039.0,3149.0,3257.0,3363.0,3477.0,3590.0,3628.0,3740.0,3852.0,3965.0,4076.0,4121.0,4202.0,4267.0,4275.0,4315.0,4362.0,4403.0,4465.0,4502.0,4571.0,4589.0,4589.0,4615.0,4615.0,4677.0,4731.0,4731.0,4756.0,4815.0,4917.0,5020.0,5136.0,5248.0,5362.0,5474.0,5569.0,5672.0,5779.0,5885.0,5905.0,5915.0,5915.0,5963.0,5971.0,6076.0,6157.0,6253.0,6264.0,6276.0,6317.0,6387.0,6387.0,6473.0,6582.0,6695.0,6802.0,6907.0,7007.0,7105.0,7195.0,7270.0,7270.0,7270.0,7270.0,7270.0,7270.0,7270.0,7270.0,7270.0,7270.0,7270.0,7270.0,7270.0,7270.0,7270.0,7270.0,7270.0,7270.0,7270.0,7270.0,7270.0,7270.0,7270.0,7270.0,7270.0,7270.0,7270.0,7270.0,7270.0,7270.0,7270.0,7270.0,7270.0,7270.0,7270.0,7270.0,7270.0,7270.0,7270.0,7270.0,7270.0,7270.0,7270.0,7270.0,7270.0,7270.0,7270.0,7270.0,7270.0,7270.0,7270.0,7270.0,7270.0,7270.0,7270.0,7270.0,7270.0,7270.0,7270.0,7270.0,7270.0,7270.0,7270.0,7270.0,7270.0,7270.0,7270.0,7270.0,7270.0,7270.0,7270.0,7270.0,7270.0,7270.0,7270.0,7270.0,7270.0,7270.0,7270.0,7270.0,7270.0,7270.0,7270.0,7270.0,7270.0,7270.0,7270.0,7270.0,7270.0,7270.0,7270.0,7270.0,7270.0,7270.0,7270.0,7270.0,7270.0,7270.0,7270.0,7270.0,7270.0,7270.0,7270.0,7270.0,7270.0,7270.0,7270.0,7270.0,7270.0,7270.0,7270.0,7270.0,7270.0,7270.0,7270.0,7270.0,7270.0,7270.0,7270.0,7270.0,7270.0,7270.0,7270.0,7270.0,7270.0,7270.0,7270.0,7270.0,7270.0,7270.0,7270.0,7270.0,7270.0,7270.0,7270.0,7270.0,7270.0,7270.0,7270.0,7270.0,7270.0,7270.0,7270.0,7270.0,7270.0,7270.0,7270.0,7270.0,7270.0,7270.0,7270.0,7270.0,7270.0,7270.0,7270.0,7270.0,7270.0,7270.0,7270.0,7270.0,7270.0,7270.0,7270.0,7270.0,7270.0,7270.0,7270.0,7270.0,7270.0,7270.0,7270.0,7270.0,7270.0,7270.0,7270.0,7270.0,7270.0,7270.0,7270.0,7270.0,7270.0,7270.0,7270.0,7270.0,7270.0,7270.0,7270.0,7270.0,7270.0,7270.0,7270.0,7270.0,7270.0,7270.0,7270.0,7270.0,7270.0,7270.0,7270.0,7270.0,7270.0,7270.0,7270.0,7270.0,7270.0,7270.0,7270.0,7270.0,7270.0,7270.0,7270.0,7270.0,7270.0,7270.0,7270.0,7270.0,7270.0,7270.0,7270.0,7270.0,7270.0,7270.0,7270.0,7270.0,7270.0,7270.0,7270.0,7270.0,7270.0,7270.0,7270.0,7276.0,7387.0,7422.0,7433.0,7433.0,7433.0,7433.0,7433.0,7433.0,7433.0,7433.0,7433.0,7433.0,7433.0,7433.0,7433.0,7462.0,7482.0,7488.0,7488.0,7488.0,7488.0,7488.0,7488.0,7488.0,7488.0,7488.0,7488.0,7488.0,7488.0,7488.0,7488.0,7488.0,7488.0,7488.0,7488.0,7488.0,7488.0,7488.0,7488.0,7488.0,7488.0,7488.0,7488.0,7488.0,7488.0,7488.0,7488.0,7488.0,7488.0,7488.0,7488.0,7488.0,7488.0,7488.0,7488.0,7488.0,7488.0,7488.0,7488.0,7488.0,7488.0,7488.0,7488.0,7488.0,7488.0,7488.0,7488.0,7488.0,7488.0,7488.0,7488.0,7488.0,7488.0,7488.0,7488.0,7488.0,7488.0,7488.0,7488.0,7488.0,7504.0,7504.0,7504.0,7504.0,7504.0,7504.0,7504.0,7504.0,7504.0,7504.0,7504.0,7504.0,7504.0,7504.0,7504.0,7504.0,7504.0,7504.0,7504.0,7504.0,7504.0,7504.0,7504.0,7504.0,7504.0,7504.0,7504.0,7517.0,7517.0,7517.0,7517.0,7517.0,7517.0,7517.0,7517.0,7517.0,7517.0,7517.0,7517.0,7517.0,7517.0,7517.0,7517.0,7517.0,7517.0,7517.0,7517.0,7517.0,7517.0,7517.0,7517.0,7517.0,7517.0,7517.0,7526.0,7550.0,7550.0,7578.0,7578.0,7578.0,7578.0,7578.0,7578.0,7578.0,7578.0,7612.0,7635.0,7705.0,7777.0,7778.0,7778.0,7778.0,7778.0,7778.0,7778.0,7778.0,7778.0,7778.0,7778.0,7778.0,7778.0,7778.0,7778.0,7778.0,7778.0,7794.0,7794.0,7794.0,7794.0,7794.0,7794.0,7794.0,7794.0,7794.0,7794.0,7794.0,7794.0,7794.0,7794.0,7794.0,7794.0,7794.0,7794.0,7794.0,7794.0,7794.0,7794.0,7794.0,7794.0,7794.0,7794.0,7794.0,7794.0,7794.0,7794.0,7794.0,7794.0,7794.0,7794.0,7794.0,7794.0,7794.0,7794.0,7794.0,7794.0,7794.0,7794.0,7794.0,7794.0,7794.0,7794.0,7794.0,7794.0,7794.0,7794.0,7794.0,7794.0,7794.0,7794.0,7794.0,7794.0,7794.0,7794.0,7794.0,7794.0,7794.0,7794.0,7794.0,7794.0,7794.0,7794.0,7794.0,7794.0,7794.0,7794.0,7794.0,7794.0,7794.0,7794.0,7794.0,7794.0,7794.0,7794.0,7794.0,7794.0,7794.0,7794.0,7794.0,7794.0,7794.0,7794.0,7794.0,7794.0,7794.0,7794.0,7794.0,7794.0,7794.0,7794.0,7794.0,7794.0,7794.0,7794.0,7794.0,7794.0,7794.0,7794.0,7794.0,7794.0,7794.0,7794.0,7794.0,7794.0,7803.0,7803.0,7803.0,7803.0,7803.0,7803.0,7803.0,7803.0,7803.0,7803.0,7821.0,7821.0,7821.0,7821.0,7821.0,7821.0,7821.0,7821.0,7821.0,7821.0,7821.0,,,,,,,,,,,,,,,,,,,,,,,,,,,,,,,,,,,,,,,,,,,,,,,,,,,,,,,,,,,,,,,,,,,,,,,,,,,,,,,,,,,,,,,,,,,,,,,,,,,,,,,,,,,,,,,,,,,,,,,,,,
2020-07-10,ios,,,,,,,,,,,,,,,,,,,,,,,,,,,,,,,,,,,,,,,,,,,,,,,,,,,,,,,,,,,,,,,,,,,,,,,,,,,,,,,,,,,,,,,,,,,,,,,,,,,,,,,,,,,,,,,,,,,,,,,,,,,,,,,,,,,,,,,,,,,,,,,,,,,,,,,,,,,,,,,,,,,,,,,,,,,,,,,,,,,,,,,,,,,,,,,,,,,,,,,,,,,,,,,,,,,,,,,,,,,,,,,,,,,,,,,,,,,,,,,,,,,,,,,,,,,,,,,,,,,,,,,,,,,,,,,,,,,,,,,,,,,,,,,,,,,,,,,,,,,,,,,,,,,,,,,,,,,,,,,,,,,,,,,,,,,,,,,,,,,,,,,,,,,,,,,,,,,,,,,,,,,,,,,,,,,,,,,,,,,,,,,,,,,,,,,,,,,,,,,,,,,,,,,,,,,,,,,,,,,,,,,,,,,,,,,,,,,,,,,,,,,,,,,,,,,,,,32.0,118.0,126.0,166.0,166.0,166.0,166.0,166.0,166.0,166.0,191.0,191.0,191.0,191.0,191.0,191.0,191.0,191.0,191.0,194.0,262.0,349.0,448.0,558.0,664.0,766.0,766.0,766.0,766.0,766.0,766.0,766.0,766.0,766.0,766.0,766.0,766.0,766.0,766.0,766.0,766.0,766.0,801.0,909.0,1015.0,1117.0,1220.0,1314.0,1411.0,1503.0,1567.0,1567.0,1634.0,1670.0,1772.0,1890.0,2005.0,2113.0,2203.0,2251.0,2356.0,2473.0,2590.0,2700.0,2783.0,2786.0,2786.0,2786.0,2786.0,2786.0,2786.0,2786.0,2786.0,2786.0,2786.0,2786.0,2786.0,2786.0,2786.0,2786.0,2786.0,2786.0,2786.0,2786.0,2786.0,2786.0,2786.0,2786.0,2786.0,2786.0,2786.0,2786.0,2786.0,2786.0,2786.0,2786.0,2786.0,2786.0,2786.0,2786.0,2786.0,2786.0,2786.0,2786.0,2786.0,2786.0,2786.0,2786.0,2786.0,2786.0,2786.0,2786.0,2786.0,2786.0,2786.0,2846.0,2847.0,2847.0,2865.0,2865.0,2865.0,2907.0,2907.0,2907.0,2907.0,2907.0,2907.0,2907.0,2907.0,2907.0,2907.0,2907.0,2907.0,2907.0,2907.0,2907.0,2907.0,2907.0,2907.0,2907.0,2907.0,2907.0,2907.0,2907.0,2907.0,2907.0,2907.0,2907.0,3010.0,3128.0,3248.0,3281.0,3281.0,3281.0,3281.0,3281.0,3281.0,3281.0,3281.0,3281.0,3281.0,3281.0,3281.0,3281.0,3281.0,3281.0,3281.0,3281.0,3281.0,3281.0,3281.0,3281.0,3281.0,3281.0,3281.0,3281.0,3281.0,3289.0,3289.0,3289.0,3289.0,3289.0,3289.0,3289.0,3289.0,3289.0,3289.0,3298.0,3298.0,3298.0,3298.0,3298.0,3298.0,3298.0,3298.0,3298.0,3298.0,3308.0,3416.0,3529.0,3558.0,3587.0,3589.0,3721.0,3749.0,3749.0,3762.0,3776.0,3797.0,3837.0,3953.0,3957.0,4016.0,4137.0,4159.0,4233.0,4267.0,4267.0,4267.0,4267.0,4267.0,4267.0,4271.0,4327.0,4408.0,4459.0,4468.0,4468.0,4468.0,4492.0,4492.0,4492.0,4492.0,4492.0,4492.0,4492.0,4492.0,4586.0,4696.0,4808.0,4829.0,4829.0,4829.0,4829.0,4829.0,4829.0,4879.0,4990.0,5042.0,5042.0,5042.0,5042.0,5042.0,5075.0,5187.0,5303.0,5415.0,5523.0,5633.0,5743.0,5855.0,5965.0,6050.0,6056.0,6139.0,6139.0,6139.0,6142.0,6163.0,6166.0,6166.0,6166.0,6166.0,6166.0,6166.0,6166.0,6166.0,6166.0,6166.0,6166.0,6166.0,6166.0,6166.0,6190.0,6196.0,6196.0,6196.0,6196.0,6196.0,6196.0,6196.0,6196.0,6196.0,6196.0,6196.0,6196.0,6196.0,6205.0,6205.0,6205.0,6205.0,6205.0,6205.0,6205.0,6205.0,6205.0,6205.0,6205.0,6205.0,6205.0,6205.0,6205.0,6205.0,6205.0,6205.0,6205.0,6205.0,6205.0,6205.0,6205.0,6205.0,6205.0,6205.0,6215.0,6215.0,6293.0,6402.0,6512.0,6607.0,6611.0,6611.0,6611.0,6611.0,6611.0,6611.0,6711.0,6794.0,6895.0,6985.0,7052.0,7052.0,7052.0,7052.0,7052.0,7094.0,7201.0,7258.0,7363.0,7436.0,7508.0,7508.0,7508.0,7508.0,7558.0,7600.0,7600.0,7600.0,7600.0,7600.0,7600.0,7600.0,7600.0,7600.0,7600.0,7600.0,7600.0,7600.0,7600.0,7600.0,7600.0,7600.0,7600.0,7600.0,7600.0,7600.0,7600.0,7600.0,7600.0,7600.0,7600.0,7600.0,7600.0,7600.0,7600.0,7600.0,7600.0,7600.0,7600.0,7600.0,7600.0,7600.0,7600.0,7600.0,7600.0,7600.0,7600.0,7600.0,7600.0,7600.0,7600.0,7600.0,7600.0,7600.0,7600.0,7600.0,7600.0,7600.0,7600.0,7600.0,7600.0,7600.0,7600.0,7600.0,7600.0,7600.0,7600.0,7600.0,7600.0,7600.0,7600.0,7600.0,7600.0,7600.0,7600.0,7600.0,7600.0,7600.0,7600.0,7600.0,7600.0,7600.0,7600.0,7600.0,7600.0,7600.0,7600.0,7600.0,7600.0,7600.0,7600.0,7600.0,7600.0,7600.0,7600.0,7600.0,7600.0,7600.0,7600.0,7600.0,7600.0,7600.0,7600.0,7600.0,7600.0,7600.0,7600.0,7600.0,7600.0,7600.0,7600.0,7600.0,7600.0,7600.0,7600.0,7600.0,7600.0,7600.0,7600.0,7600.0,7600.0,7600.0,7600.0,7600.0,7600.0,7600.0,7600.0,7600.0,7600.0,7600.0,7600.0,7600.0,7600.0,7600.0,7600.0,7600.0,7600.0,7600.0,7600.0,7600.0,7600.0,7600.0,7600.0,7600.0,7600.0,7600.0,7600.0,7600.0,7600.0,7600.0,7600.0,7617.0,7723.0,7837.0,7958.0,8082.0,8199.0,8311.0,8422.0,8537.0,8624.0,8636.0,8679.0,8679.0,,,,,,,,,,,,,,,,,,,,,,,,,,,,,,,,,,,,,,,,,,,,,,,,,,,,,,,,,,,,,,,,,,,,,,,,,,,,,,,,,,,,,,,,,,,,,,,,,,,,,,,,,,,,,,,,,,,,,,,,,,,,,,,,,,,,,,,,,,,,,,,,,,,,,,,,,,,,,,,,,,,,,,,,,,,,,,,,,,,,,,,,,,,,,,,,,,,,,,,,,,,,,,,,,,,,,,,,,,,,,,,,,,,,,,,,,,,,,,,,,,,,,,,,,,,,,,,,,,,,,,,,,,,,,,,,,,,,,,,,,,,,,,,,,,,,,,,,,,,,,,,,,,,,,,,,,,,,,,,,,,,,,,,,,,,,,,,,,,,,,,,,,,,,,,,,,,,,,,,,,,,,,,,,,,,,,,,,,,,,,,,,,,,,,,,,,,,,,,,,,,,,,,,,,,,,,,,,,,,,,,,,,,,,,,,,,,,,,,,,,,,,,,,,,,,,,,,,,,,,,,,,,,,,,,,,,,
2020-07-11,ios,,,,,,,,,,,,,,,,,,,,,,,,,,,,,,,,,,,,,,,,,,,,,,,,,,,,,,,,,,,,,,,,,,,,,,,,,,,,,,,,,,,,,,,,,,,,,,,,,,,,,,,,,,,,,,,,,,,,,,,,,,,,,,,,,,,,,,,,,,,,,,,,,,,,,,,,,,,,,,,,,,,,,,,,,,,,,,,,,,,,,,,,,,,,,,,,,,,,,,,,,,,,,,,,,,,,,,,,,,,,,,,,,,,,,,,,,,,,,,,,,,,,,,,,,,,,,,,,,,,,,,,,,,,,,,,,,,,,,,,,,,,,,,,,,,,,,,,,,,,,,,,,,,,,,,,,,,,,,,,,,,,,,,,,,,,,,,,,,,,,,,,,,,,,,,,,,,,,,,,,,,,,,,,,,,,,,,,,,,,,,,,,,,,,,,,,,,,,,,,,,,,,,,,,,,,,,,,,,,,,,,,,,,,,,,,,,,,,,,,,,,,,,,,,,,,,,,,,,,,,,,,,,,,,,,,,,,,,,,,,,,,,,,,,,,,,,,,,,,,,,,,,,,10.0,10.0,10.0,10.0,10.0,10.0,10.0,10.0,10.0,10.0,10.0,10.0,10.0,10.0,10.0,10.0,10.0,10.0,10.0,10.0,10.0,10.0,10.0,10.0,27.0,27.0,27.0,27.0,27.0,27.0,27.0,29.0,29.0,29.0,29.0,29.0,29.0,29.0,29.0,29.0,29.0,29.0,29.0,29.0,29.0,29.0,29.0,29.0,29.0,29.0,29.0,29.0,29.0,29.0,29.0,29.0,29.0,29.0,29.0,29.0,29.0,29.0,29.0,29.0,29.0,37.0,37.0,42.0,48.0,48.0,48.0,48.0,48.0,48.0,48.0,48.0,48.0,48.0,48.0,48.0,48.0,48.0,48.0,48.0,48.0,56.0,56.0,56.0,56.0,56.0,56.0,56.0,56.0,56.0,56.0,56.0,56.0,56.0,56.0,56.0,56.0,56.0,56.0,56.0,56.0,56.0,56.0,56.0,56.0,61.0,61.0,77.0,154.0,247.0,255.0,255.0,255.0,255.0,290.0,372.0,474.0,501.0,565.0,628.0,645.0,672.0,711.0,716.0,716.0,821.0,825.0,825.0,825.0,825.0,825.0,879.0,930.0,951.0,963.0,963.0,1037.0,1076.0,1076.0,1119.0,1123.0,1157.0,1157.0,1157.0,1157.0,1161.0,1166.0,1166.0,1166.0,1166.0,1166.0,1166.0,1166.0,1166.0,1175.0,1175.0,1184.0,1184.0,1184.0,1184.0,1184.0,1184.0,1184.0,1184.0,1184.0,1184.0,1184.0,1184.0,1184.0,1184.0,1184.0,1184.0,1184.0,1184.0,1184.0,1184.0,1184.0,1184.0,1184.0,1184.0,1184.0,1184.0,1184.0,1184.0,1184.0,1184.0,1184.0,1184.0,1184.0,1184.0,1184.0,1184.0,1184.0,1184.0,1184.0,1184.0,1184.0,1184.0,1184.0,1184.0,1184.0,1184.0,1184.0,1184.0,1184.0,1184.0,1184.0,1184.0,1184.0,1184.0,1184.0,1184.0,1184.0,1184.0,1184.0,1184.0,1184.0,1184.0,1184.0,1184.0,1184.0,1184.0,1184.0,1184.0,1184.0,1184.0,1184.0,1184.0,1184.0,1184.0,1184.0,1184.0,1184.0,1184.0,1184.0,1184.0,1184.0,1227.0,1241.0,1295.0,1295.0,1295.0,1295.0,1295.0,1295.0,1295.0,1307.0,1307.0,1346.0,1424.0,1437.0,1437.0,1437.0,1437.0,1437.0,1437.0,1437.0,1437.0,1437.0,1455.0,1455.0,1455.0,1455.0,1455.0,1455.0,1455.0,1455.0,1455.0,1455.0,1455.0,1455.0,1455.0,1455.0,1455.0,1455.0,1455.0,1455.0,1455.0,1455.0,1455.0,1455.0,1455.0,1455.0,1455.0,1455.0,1455.0,1455.0,1455.0,1455.0,1455.0,1455.0,1455.0,1455.0,1455.0,1455.0,1455.0,1455.0,1455.0,1455.0,1455.0,1455.0,1455.0,1455.0,1455.0,1455.0,1455.0,1455.0,1455.0,1455.0,1455.0,1455.0,1455.0,1455.0,1455.0,1455.0,1455.0,1455.0,1455.0,1455.0,1455.0,1455.0,1455.0,1455.0,1455.0,1455.0,1455.0,1455.0,1455.0,1455.0,1455.0,1455.0,1455.0,1455.0,1455.0,1455.0,1455.0,1455.0,1455.0,1455.0,1455.0,1455.0,1455.0,1455.0,1455.0,1455.0,1455.0,1455.0,1455.0,1455.0,1455.0,1455.0,1455.0,1455.0,1455.0,1455.0,1455.0,1455.0,1455.0,1455.0,1455.0,1455.0,1455.0,1455.0,1455.0,1455.0,1455.0,1455.0,1455.0,1455.0,1455.0,1455.0,1455.0,1455.0,1455.0,1455.0,1455.0,1455.0,1455.0,1455.0,1455.0,1455.0,1455.0,1455.0,1455.0,1455.0,1455.0,1455.0,1455.0,1455.0,1455.0,1455.0,1455.0,1455.0,1455.0,1455.0,1455.0,1455.0,1455.0,1455.0,1455.0,1455.0,1455.0,1455.0,1455.0,1455.0,1455.0,1455.0,1455.0,1455.0,1455.0,1455.0,1455.0,1455.0,1455.0,1455.0,1455.0,1455.0,1455.0,1455.0,1455.0,1455.0,1455.0,1455.0,1455.0,1455.0,1455.0,1455.0,1455.0,1455.0,1455.0,1455.0,1455.0,1455.0,1455.0,1455.0,1455.0,1455.0,1455.0,1455.0,1455.0,1455.0,1455.0,1455.0,1455.0,1455.0,1455.0,1455.0,1455.0,1455.0,1455.0,1455.0,1455.0,1455.0,1455.0,1455.0,1455.0,1455.0,1455.0,1455.0,1455.0,1455.0,1493.0,1493.0,1493.0,1493.0,1493.0,1493.0,1493.0,1493.0,1507.0,1531.0,1569.0,1666.0,1703.0,1703.0,1703.0,1717.0,1717.0,1812.0,1833.0,1855.0,1881.0,1912.0,1960.0,1984.0,1984.0,2003.0,2003.0,2003.0,2047.0,2047.0,2082.0,2082.0,2082.0,2082.0,2082.0,2082.0,2082.0,2082.0,2082.0,2082.0,2082.0,2082.0,2082.0,2082.0,2082.0,2082.0,2082.0,2082.0,2082.0,2082.0,2082.0,2082.0,2082.0,2082.0,2082.0,2082.0,2082.0,2082.0,2082.0,2099.0,2132.0,2132.0,2132.0,2132.0,2132.0,2132.0,2132.0,2132.0,2132.0,2132.0,2132.0,2132.0,2132.0,2132.0,2136.0,2136.0,2136.0,2136.0,2136.0,2136.0,2136.0,2148.0,2148.0,2148.0,2148.0,2148.0,2148.0,2148.0,2148.0,2148.0,2148.0,2148.0,2148.0,2148.0,2148.0,2148.0,2148.0,2148.0,2148.0,2148.0,2148.0,2148.0,2148.0,2148.0,2148.0,2148.0,2148.0,2148.0,2148.0,2148.0,2148.0,2148.0,2148.0,2148.0,2148.0,2148.0,2148.0,2148.0,2148.0,2148.0,2148.0,2148.0,2148.0,2148.0,2148.0,2148.0,2148.0,2148.0,2148.0,2148.0,2148.0,2148.0,2148.0,2148.0,2148.0,2148.0,2158.0,2158.0,2158.0,2158.0,2158.0,2158.0,2158.0,2158.0,2158.0,2158.0,2158.0,2158.0,2158.0,2158.0,2158.0,2158.0,2158.0,2158.0,2158.0,2158.0,2158.0,2158.0,2158.0,2158.0,2158.0,2158.0,2158.0,2167.0,2212.0,2212.0,2273.0,2294.0,2294.0,2357.0,2461.0,2563.0,2675.0,2765.0,2856.0,2959.0,3056.0,3157.0,3263.0,3373.0,3486.0,3599.0,3708.0,3788.0,3884.0,3979.0,4082.0,4189.0,4247.0,4357.0,4466.0,4576.0,4688.0,4801.0,4905.0,4935.0,5015.0,5090.0,5097.0,5097.0,5097.0,5097.0,5097.0,5097.0,5097.0,5097.0,5097.0,5097.0,5097.0,5097.0,5097.0,5097.0,5097.0,5097.0,5097.0,5097.0,5097.0,5097.0,5097.0,5097.0,5097.0,5097.0,5097.0,5097.0,5097.0,5097.0,5097.0,5097.0,5097.0,5097.0,5097.0,5097.0,5097.0,5097.0,5097.0,5097.0,5097.0,5097.0,5097.0,5097.0,5097.0,5097.0,5097.0,5097.0,5097.0,5097.0,5097.0,5097.0,5097.0,5097.0,5097.0,5097.0,5097.0,5097.0,5097.0,5097.0,5109.0,5109.0,5109.0,5109.0,5109.0,5109.0,5109.0,5109.0,5122.0,5122.0,5122.0,5122.0,5122.0,5122.0,5122.0,5122.0,5122.0,5122.0,5122.0,5122.0,5122.0,5122.0,5122.0,5122.0,5122.0,5122.0,5122.0,5122.0,5122.0,5133.0,5133.0,5133.0,5133.0,5151.0,5151.0,5151.0,5151.0,5151.0,5151.0,5151.0,5151.0,5151.0,5151.0,5151.0,5151.0,5151.0,5151.0,5151.0,5151.0,5151.0,5151.0,5151.0,5151.0,5151.0,5151.0,5151.0,5151.0,5151.0,5151.0,5151.0,5151.0,5151.0,5151.0,5151.0,5151.0,5151.0,5151.0,5151.0,5151.0,5151.0,5151.0,5151.0,5151.0,5151.0,5151.0,5151.0,5151.0,5151.0,5151.0,5151.0,5151.0,5151.0,5151.0,5151.0,5151.0,5151.0,5151.0,5151.0,5151.0,5151.0,5151.0,5151.0,5151.0,5151.0,5151.0,5151.0,5151.0,5151.0,5151.0,5151.0,5151.0,5151.0,5151.0,5151.0,5151.0,5151.0,5151.0,5151.0,5151.0,5151.0,5151.0,5151.0,5151.0,5151.0,5151.0,5151.0,5151.0,5151.0,5151.0,5151.0,5151.0,5151.0,5151.0,5151.0,5151.0,5151.0,5151.0,5151.0,5151.0,5151.0,5151.0,5151.0,5151.0,5151.0,5174.0,5174.0,5174.0,5183.0,5183.0,5183.0,5187.0,5197.0,5197.0,5197.0,5197.0,,,,,,,,,,,,,,,,,,,,,,,,,,,,,,,,,,,,,,,,,,,,,,,,,,,,,,,,,,,,,,,,,,,,,
2020-07-12,ios,,,,,,,,,,,,,,,,,,,,,,,,,,,,,,,,,,,,,,,,,,,,,,,,,,,,,,,,,,,,,,,,,,,,,,,,,,,,,,,,,,,,,,,,,,,,,,,,,,,,,,,,,,,,,,,,,,,,,,,,,,,,,,,,,,,,,,,,,,,,,,,,,,,,,,,,,,,,,,,,,,,,,,,,,,,,,,,,,,,,,,,,,,,,,,,,,,,,,,,,,,,,,,,,,,,,,,,,,,,,,,,,,,,,,,,,,,,,,,,,,,,,,,,,,,,,,,,,,,,,,,,,,,,,,,,,,,,,,,,,,,,,,,,,,,,,,,,,,,,,,,,,,,,,,,,,,,,,,,,,,,,,,,,,,,,,,,,,,,,,,,,,,,,,,,,,,,,,,,,,,,,,,,,,,,,,,,,,,,,,,,,,,,,,,,,,,,,,,,,,,,,,,,,,,,,,,,,,,,,,,,,,,,,,,,,,,,,,,,,,,,,,,,,,,,,,,,,,,,,,,,,,,,,,,,,,,,,,,,,8.0,8.0,8.0,8.0,8.0,8.0,8.0,8.0,8.0,19.0,19.0,19.0,19.0,19.0,19.0,19.0,19.0,19.0,19.0,19.0,19.0,19.0,19.0,19.0,19.0,19.0,19.0,19.0,19.0,19.0,19.0,19.0,19.0,19.0,19.0,19.0,19.0,19.0,19.0,19.0,19.0,19.0,19.0,19.0,19.0,19.0,19.0,19.0,19.0,19.0,19.0,19.0,19.0,19.0,19.0,19.0,19.0,19.0,19.0,19.0,19.0,29.0,29.0,29.0,29.0,29.0,29.0,29.0,29.0,29.0,29.0,29.0,36.0,49.0,49.0,49.0,57.0,86.0,157.0,241.0,290.0,303.0,369.0,471.0,581.0,693.0,723.0,723.0,723.0,723.0,723.0,723.0,723.0,723.0,723.0,723.0,723.0,723.0,723.0,723.0,723.0,723.0,723.0,723.0,749.0,861.0,889.0,890.0,934.0,1020.0,1084.0,1142.0,1228.0,1310.0,1396.0,1497.0,1572.0,1683.0,1795.0,1845.0,1845.0,1845.0,1845.0,1875.0,1876.0,1876.0,1876.0,1914.0,2032.0,2154.0,2231.0,2231.0,2245.0,2245.0,2285.0,2285.0,2300.0,2300.0,2300.0,2300.0,2300.0,2300.0,2315.0,2315.0,2315.0,2315.0,2315.0,2315.0,2323.0,2340.0,2378.0,2401.0,2401.0,2418.0,2426.0,2454.0,2483.0,2530.0,2550.0,2575.0,2575.0,2588.0,2588.0,2632.0,2706.0,2709.0,2756.0,2806.0,2864.0,2928.0,2939.0,3004.0,3069.0,3069.0,3069.0,3069.0,3069.0,3069.0,3085.0,3085.0,3085.0,3085.0,3085.0,3085.0,3085.0,3085.0,3085.0,3085.0,3085.0,3085.0,3085.0,3085.0,3094.0,3094.0,3094.0,3094.0,3094.0,3097.0,3097.0,3097.0,3184.0,3287.0,3375.0,3384.0,3406.0,3406.0,3406.0,3406.0,3406.0,3411.0,3411.0,3411.0,3411.0,3411.0,3411.0,3411.0,3411.0,3411.0,3411.0,3411.0,3411.0,3411.0,3411.0,3411.0,3411.0,3411.0,3411.0,3411.0,3411.0,3411.0,3411.0,3411.0,3411.0,3411.0,3411.0,3411.0,3411.0,3411.0,3411.0,3411.0,3411.0,3411.0,3411.0,3411.0,3411.0,3411.0,3411.0,3411.0,3411.0,3411.0,3411.0,3411.0,3411.0,3411.0,3411.0,3411.0,3411.0,3411.0,3411.0,3416.0,3440.0,3458.0,3510.0,3624.0,3739.0,3855.0,3970.0,4084.0,4199.0,4315.0,4429.0,4546.0,4661.0,4777.0,4892.0,5009.0,5125.0,5200.0,5293.0,5299.0,5299.0,5299.0,5299.0,5314.0,5314.0,5314.0,5314.0,5314.0,5314.0,5314.0,5314.0,5314.0,5314.0,5314.0,5314.0,5314.0,5314.0,5314.0,5314.0,5314.0,5314.0,5314.0,5314.0,5314.0,5314.0,5314.0,5314.0,5314.0,5314.0,5314.0,5314.0,5314.0,5352.0,5352.0,5352.0,5352.0,5352.0,5352.0,5352.0,5352.0,5352.0,5352.0,5373.0,5379.0,5379.0,5379.0,5379.0,5379.0,5379.0,5379.0,5379.0,5379.0,5379.0,5379.0,5379.0,5379.0,5379.0,5379.0,5379.0,5379.0,5379.0,5379.0,5379.0,5379.0,5379.0,5379.0,5379.0,5379.0,5379.0,5379.0,5379.0,5379.0,5379.0,5379.0,5379.0,5379.0,5379.0,5379.0,5382.0,5382.0,5382.0,5382.0,5382.0,5382.0,5382.0,5382.0,5382.0,5382.0,5382.0,5382.0,5382.0,5382.0,5382.0,5382.0,5382.0,5382.0,5382.0,5382.0,5382.0,5382.0,5382.0,5382.0,5382.0,5382.0,5382.0,5382.0,5382.0,5382.0,5382.0,5382.0,5382.0,5382.0,5382.0,5382.0,5382.0,5382.0,5382.0,5382.0,5382.0,5382.0,5382.0,5382.0,5382.0,5382.0,5382.0,5382.0,5382.0,5382.0,5382.0,5382.0,5382.0,5382.0,5382.0,5382.0,5382.0,5382.0,5382.0,5382.0,5382.0,5382.0,5382.0,5382.0,5382.0,5382.0,5382.0,5382.0,5382.0,5382.0,5382.0,5382.0,5382.0,5382.0,5382.0,5382.0,5382.0,5382.0,5382.0,5382.0,5382.0,5382.0,5382.0,5382.0,5382.0,5382.0,5382.0,5382.0,5382.0,5382.0,5399.0,5413.0,5510.0,5587.0,5587.0,5589.0,5589.0,5589.0,5589.0,5589.0,5648.0,5717.0,5717.0,5717.0,5770.0,5833.0,5851.0,5851.0,5851.0,5851.0,5851.0,5851.0,5867.0,5870.0,5886.0,5915.0,5940.0,5940.0,5940.0,5940.0,5940.0,5940.0,5940.0,5940.0,5940.0,5940.0,5940.0,5940.0,5940.0,5940.0,5940.0,5940.0,5940.0,5940.0,5940.0,5940.0,5940.0,5940.0,5940.0,5940.0,5940.0,5940.0,5940.0,5940.0,5940.0,5940.0,5940.0,5940.0,5940.0,5940.0,5940.0,5940.0,5940.0,5940.0,5940.0,5940.0,5940.0,5940.0,5940.0,5940.0,5940.0,5940.0,5940.0,5940.0,5940.0,5940.0,5940.0,5940.0,5940.0,5940.0,5940.0,5940.0,5940.0,5940.0,5940.0,5940.0,5940.0,5940.0,5940.0,5940.0,5940.0,5940.0,5940.0,5940.0,5940.0,5940.0,5940.0,5940.0,5940.0,5940.0,5940.0,5940.0,5940.0,5940.0,5940.0,5940.0,5940.0,5940.0,5940.0,5940.0,5940.0,5940.0,5940.0,5940.0,5940.0,5940.0,5940.0,5940.0,5940.0,5940.0,5940.0,5940.0,5940.0,5940.0,5940.0,5940.0,5940.0,5940.0,5940.0,5940.0,5940.0,5957.0,5957.0,5957.0,5957.0,5957.0,5957.0,5957.0,5957.0,5957.0,5957.0,5957.0,5957.0,5957.0,5957.0,5957.0,5957.0,5957.0,5957.0,5957.0,5957.0,5957.0,5987.0,5987.0,5987.0,6019.0,6019.0,6019.0,6019.0,6019.0,6019.0,6107.0,6178.0,6218.0,6250.0,6250.0,6250.0,6250.0,6250.0,6326.0,6359.0,6359.0,6359.0,6359.0,6359.0,6359.0,6359.0,6359.0,6359.0,6359.0,6359.0,6359.0,6359.0,6396.0,6409.0,6439.0,6439.0,6439.0,6439.0,6439.0,6439.0,6439.0,6439.0,6439.0,6439.0,6439.0,6439.0,6439.0,6439.0,6439.0,6447.0,6447.0,6447.0,6447.0,6447.0,6447.0,6447.0,6447.0,6447.0,6447.0,6447.0,6447.0,6447.0,6447.0,6447.0,6447.0,6447.0,6447.0,6447.0,6447.0,6508.0,6522.0,6522.0,6522.0,6522.0,6522.0,6522.0,6522.0,6522.0,6522.0,6522.0,6522.0,6522.0,6522.0,6552.0,6552.0,6561.0,6570.0,6609.0,6609.0,6609.0,6609.0,6609.0,6609.0,6609.0,6609.0,6609.0,6657.0,6722.0,6722.0,6722.0,6722.0,6722.0,6722.0,6722.0,6722.0,6722.0,6722.0,6729.0,6737.0,6737.0,6808.0,6829.0,6829.0,6829.0,6829.0,6829.0,6829.0,6829.0,6829.0,6829.0,6829.0,6834.0,6908.0,6978.0,7030.0,7030.0,7030.0,7030.0,7030.0,7030.0,7030.0,7030.0,7030.0,7030.0,7030.0,7030.0,7030.0,7030.0,7030.0,7030.0,7030.0,7030.0,7030.0,7030.0,7030.0,7030.0,7030.0,7030.0,7030.0,7030.0,7030.0,7030.0,7030.0,7030.0,7030.0,7030.0,7030.0,7032.0,7044.0,7044.0,7044.0,7044.0,7044.0,7044.0,7044.0,7044.0,7044.0,7044.0,7044.0,7044.0,7044.0,7044.0,7044.0,7044.0,7044.0,7044.0,7044.0,7044.0,7044.0,7044.0,7044.0,7044.0,7044.0,7044.0,7044.0,7044.0,7044.0,7044.0,7044.0,7044.0,7044.0,7044.0,7044.0,7044.0,7044.0,7044.0,7044.0,7044.0,7044.0,7044.0,7044.0,7044.0,7044.0,7044.0,7044.0,7044.0,7044.0,7044.0,7044.0,7044.0,7044.0,7044.0,7044.0,7044.0,7044.0,7044.0,7067.0,7067.0,7067.0,7067.0,7067.0,7067.0,7067.0,7067.0,7067.0,7067.0,7067.0,7067.0,7067.0,7067.0,7067.0,7067.0,7067.0,7067.0,7067.0,7067.0,7067.0,7067.0,7067.0,7067.0,7067.0,7067.0,7067.0,7067.0,7067.0,7067.0,7067.0,7067.0,7067.0,7067.0,7067.0,7067.0,7067.0,7067.0,7067.0,7067.0,7067.0,7067.0,,,,,,,,,,,,,,,,,,,,,,,,,,,,,,,,,,,,,,,,,,,,,,,,,,,,,,,,,,,,,,,,,,,,,,,,,,,,,,,,,,,,,,,,,,,,,,,,,,,,,,,,,
2020-07-15,ios,,,,,,,,,,,,,,,,,,,,,,,,,,,,,,,,,,,,,,,,,,,,,,,,,,,,,,,,,,,,,,,,,,,,,,,,,,,,,,,,,,,,,,,,,,,,,,,,,,,,,,,,,,,,,,,,,,,,,,,,,,,,,,,,,,,,,,,,,,,,,,,,,,,,,,,,,,,,,,,,,,,,,,,,,,,,,,,,,,,,,,,,,,,,,,,,,,,,,,,,,,,,,,,,,,,,,,,,,,,,,,,,,,,,,,,,,,,,,,,,,,,,,,,,,,,,,,,,,,,,,,,,,,,,,,,,,,,,,,,,,,,,,,,,,,,,,,,,,,,,,,,,,,,,,,,,,,,,,,,,,,,,,,,,,,,,,,,,,,,,,,,,,,,,,,,,,,,,,,,,,,,,,,,,,,,,,,,,,,,,,,,,,,,,,,,,,,,,,,,,,,,,,,,,,,,,,,,,,,,,,,,,,,,,,,,,,,,,,,,,,,,,,,,,,,,,,,,11.0,118.0,155.0,188.0,196.0,196.0,196.0,196.0,196.0,196.0,196.0,196.0,196.0,196.0,196.0,196.0,196.0,196.0,200.0,200.0,292.0,362.0,414.0,414.0,442.0,547.0,663.0,779.0,905.0,1030.0,1077.0,1077.0,1077.0,1077.0,1077.0,1077.0,1077.0,1143.0,1258.0,1379.0,1502.0,1625.0,1729.0,1787.0,1787.0,1787.0,1787.0,1787.0,1787.0,1787.0,1787.0,1787.0,1787.0,1832.0,1837.0,1837.0,1837.0,1837.0,1837.0,1837.0,1837.0,1837.0,1837.0,1837.0,1837.0,1837.0,1837.0,1837.0,1837.0,1837.0,1837.0,1837.0,1837.0,1837.0,1837.0,1837.0,1837.0,1837.0,1837.0,1837.0,1837.0,1837.0,1837.0,1837.0,1837.0,1837.0,1837.0,1837.0,1837.0,1837.0,1837.0,1837.0,1837.0,1837.0,1837.0,1837.0,1837.0,1837.0,1837.0,1837.0,1837.0,1837.0,1837.0,1837.0,1837.0,1837.0,1837.0,1837.0,1837.0,1837.0,1837.0,1837.0,1837.0,1837.0,1837.0,1837.0,1837.0,1837.0,1837.0,1837.0,1837.0,1837.0,1837.0,1837.0,1837.0,1837.0,1837.0,1837.0,1837.0,1837.0,1837.0,1837.0,1837.0,1837.0,1837.0,1837.0,1837.0,1837.0,1837.0,1837.0,1837.0,1837.0,1837.0,1837.0,1837.0,1837.0,1837.0,1837.0,1837.0,1837.0,1837.0,1837.0,1837.0,1837.0,1837.0,1837.0,1837.0,1837.0,1837.0,1837.0,1837.0,1837.0,1837.0,1837.0,1837.0,1837.0,1837.0,1837.0,1837.0,1872.0,1872.0,1872.0,1872.0,1872.0,1872.0,1872.0,1872.0,1872.0,1872.0,1872.0,1872.0,1872.0,1872.0,1872.0,1872.0,1872.0,1872.0,1872.0,1872.0,1872.0,1872.0,1872.0,1872.0,1872.0,1872.0,1872.0,1872.0,1872.0,1872.0,1872.0,1872.0,1872.0,1872.0,1872.0,1872.0,1872.0,1872.0,1872.0,1872.0,1872.0,1872.0,1872.0,1872.0,1872.0,1872.0,1872.0,1872.0,1872.0,1872.0,1872.0,1872.0,1872.0,1872.0,1872.0,1872.0,1872.0,1872.0,1872.0,1872.0,1872.0,1872.0,1872.0,1872.0,1872.0,1872.0,1872.0,1872.0,1872.0,1872.0,1872.0,1872.0,1872.0,1872.0,1872.0,1872.0,1872.0,1872.0,1872.0,1872.0,1872.0,1872.0,1872.0,1872.0,1872.0,1872.0,1872.0,1872.0,1872.0,1872.0,1872.0,1872.0,1872.0,1872.0,1872.0,1872.0,1872.0,1872.0,1872.0,1872.0,1872.0,1872.0,1872.0,1874.0,1973.0,2047.0,2047.0,2154.0,2278.0,2399.0,2520.0,2536.0,2641.0,2751.0,2788.0,2788.0,2788.0,2801.0,2801.0,2801.0,2801.0,2831.0,2840.0,2840.0,2840.0,2840.0,2840.0,2876.0,2976.0,3080.0,3191.0,3302.0,3350.0,3440.0,3555.0,3607.0,3709.0,3723.0,3723.0,3723.0,3781.0,3854.0,3974.0,4100.0,4129.0,4129.0,4129.0,4133.0,4248.0,4375.0,4494.0,4617.0,4738.0,4859.0,4969.0,5023.0,5023.0,5023.0,5023.0,5023.0,5023.0,5023.0,5023.0,5023.0,5023.0,5023.0,5023.0,5023.0,5023.0,5023.0,5023.0,5023.0,5023.0,5023.0,5023.0,5023.0,5023.0,5023.0,5023.0,5023.0,5023.0,5062.0,5062.0,5062.0,5062.0,5062.0,5062.0,5062.0,5062.0,5062.0,5062.0,5062.0,5062.0,5062.0,5062.0,5062.0,5062.0,5062.0,5062.0,5062.0,5062.0,5062.0,5062.0,5062.0,5062.0,5062.0,5062.0,5062.0,5062.0,5062.0,5062.0,5062.0,5062.0,5062.0,5062.0,5062.0,5062.0,5062.0,5062.0,5062.0,5062.0,5062.0,5062.0,5062.0,5062.0,5062.0,5062.0,5062.0,5062.0,5062.0,5062.0,5062.0,5062.0,5062.0,5062.0,5062.0,5062.0,5062.0,5062.0,5062.0,5062.0,5062.0,5062.0,5062.0,5062.0,5062.0,5062.0,5062.0,5062.0,5062.0,5062.0,5062.0,5062.0,5062.0,5062.0,5062.0,5062.0,5062.0,5062.0,5062.0,5062.0,5062.0,5062.0,5062.0,5062.0,5062.0,5062.0,5062.0,5062.0,5062.0,5062.0,5062.0,5062.0,5062.0,5062.0,5062.0,5062.0,5062.0,5062.0,5062.0,5062.0,5062.0,5130.0,5178.0,5229.0,5229.0,5229.0,5229.0,5229.0,5229.0,5229.0,5229.0,5229.0,5229.0,5229.0,5229.0,5229.0,5229.0,5229.0,5229.0,5229.0,5229.0,5229.0,5229.0,5229.0,5229.0,5229.0,5229.0,5229.0,5229.0,5229.0,5229.0,5229.0,5229.0,5229.0,5229.0,5229.0,5229.0,5229.0,5229.0,5229.0,5229.0,5229.0,5229.0,5229.0,5229.0,5229.0,5229.0,5229.0,5229.0,5229.0,5229.0,5229.0,5229.0,5229.0,5229.0,5229.0,5229.0,5229.0,5229.0,5229.0,5229.0,5229.0,5229.0,5229.0,5229.0,5229.0,5229.0,5229.0,5229.0,5229.0,5229.0,5229.0,5229.0,5229.0,5229.0,5229.0,5229.0,5229.0,5229.0,5229.0,5229.0,5229.0,5229.0,5229.0,5229.0,5229.0,5281.0,5281.0,5281.0,5281.0,5281.0,5281.0,5281.0,5281.0,5281.0,5281.0,5281.0,5281.0,5281.0,5281.0,5281.0,5281.0,5281.0,5281.0,5281.0,5281.0,5281.0,5281.0,5281.0,5281.0,5281.0,5281.0,5281.0,5281.0,5281.0,5281.0,5281.0,5281.0,5281.0,5281.0,5281.0,5281.0,5281.0,5281.0,5364.0,5436.0,5466.0,5466.0,5466.0,5466.0,5466.0,5466.0,5466.0,5466.0,5466.0,5466.0,5466.0,5466.0,5466.0,5466.0,5466.0,5466.0,5466.0,5466.0,5466.0,5514.0,5559.0,5638.0,5670.0,5698.0,5698.0,5698.0,5698.0,5698.0,5698.0,5698.0,5698.0,5698.0,5698.0,5698.0,5698.0,5698.0,5698.0,5698.0,5719.0,5750.0,5834.0,5834.0,5834.0,5834.0,5834.0,5834.0,5834.0,5834.0,5834.0,5834.0,5834.0,5834.0,5834.0,5834.0,5834.0,5834.0,5834.0,5834.0,5834.0,5894.0,6006.0,6012.0,6012.0,6012.0,6012.0,6012.0,6012.0,6016.0,6035.0,6123.0,6204.0,6212.0,6212.0,6212.0,6212.0,6212.0,6212.0,6212.0,6212.0,6212.0,6212.0,6212.0,6212.0,6212.0,6212.0,6212.0,6212.0,6212.0,6212.0,6212.0,6212.0,6212.0,6212.0,6212.0,6212.0,6212.0,6212.0,6212.0,6212.0,6212.0,6212.0,6212.0,6212.0,6212.0,6212.0,6212.0,6212.0,6212.0,6212.0,6212.0,6214.0,6226.0,6226.0,6226.0,6226.0,6226.0,6226.0,6226.0,6226.0,6226.0,6226.0,6226.0,6226.0,6226.0,6226.0,6226.0,6234.0,6234.0,6234.0,6234.0,6234.0,6234.0,6234.0,6234.0,6234.0,6234.0,6234.0,6234.0,6234.0,6234.0,6234.0,6234.0,6234.0,6234.0,6234.0,6234.0,6234.0,6234.0,6234.0,6234.0,6234.0,6234.0,6234.0,6234.0,6234.0,6234.0,6234.0,6234.0,6234.0,6234.0,6234.0,6234.0,6234.0,6234.0,6234.0,6234.0,6234.0,6245.0,6245.0,6245.0,6245.0,6245.0,6245.0,6245.0,6245.0,6245.0,6245.0,6260.0,6260.0,6260.0,6260.0,6260.0,6260.0,6260.0,6260.0,6260.0,6260.0,6260.0,6260.0,6260.0,6260.0,6260.0,6260.0,6260.0,6260.0,6260.0,6260.0,6260.0,6260.0,6260.0,6260.0,6260.0,6260.0,6260.0,6260.0,6260.0,6260.0,6260.0,6260.0,6260.0,6260.0,6264.0,6264.0,6264.0,6264.0,6264.0,6264.0,6264.0,6264.0,6264.0,6264.0,6264.0,6264.0,6264.0,6264.0,6264.0,6264.0,6264.0,6264.0,6264.0,6264.0,6264.0,6264.0,6264.0,6264.0,6264.0,6264.0,6264.0,6264.0,6264.0,6264.0,6264.0,6264.0,6264.0,6264.0,6264.0,6264.0,6264.0,6264.0,6264.0,6264.0,6264.0,6264.0,6264.0,6264.0,6264.0,6264.0,6264.0,6264.0,6264.0,6264.0,6264.0,6264.0,6264.0,6264.0,6264.0,6264.0,6264.0,6264.0,6264.0,6264.0,6264.0,6264.0,6264.0,6264.0,6264.0,6264.0,6264.0,6264.0,6264.0,6264.0,6264.0,6264.0,6264.0,6264.0,6264.0,6264.0,6264.0,6264.0,6264.0,6264.0,6264.0,6264.0,6264.0,6264.0,6264.0,6264.0,6264.0,6264.0,6264.0,6264.0,6264.0,6264.0,,,,,,,,,,,,,,,,,,,,,,,,,,,,,,,,,,,,,,,,,,,,,,,,,,,,,,,,,,,,,,,,,,,,,,,,,,,,,,,,,,,,,,,,,,,,,,,,,,,,,,,,,,,
2020-07-17,ios,,,,,,,,,,,,,,,,,,,,,,,,,,,,,,,,,,,,,,,,,,,,,,,,,,,,,,,,,,,,,,,,,,,,,,,,,,,,,,,,,,,,,,,,,,,,,,,,,,,,,,,,,,,,,,,,,,,,,,,,,,,,,,,,,,,,,,,,,,,,,,,,,,,,,,,,,,,,,,,,,,,,,,,,,,,,,,,,,,,,,,,,,,,,,,,,,,,,,,,,,,,,,,,,,,,,,,,,,,,,,,,,,,,,,,,,,,,,,,,,,,,,,,,,,,,,,,,,,,,,,,,,,,,,,,,,,,,,,,,,,,,,,,,,,,,,,,,,,,,,,,,,,,,,,,,,,,,,,,,,,,,,,,,,,,,,,,,,,,,,,,,,,,,,,,,,,,,,,,,,,,,,,,,,,,,,,,,,,,,,,,,,,,,,,,,,,,,,,,,,,,,,,,,,,,,,,,,9.0,9.0,9.0,9.0,9.0,9.0,9.0,9.0,9.0,9.0,9.0,9.0,9.0,9.0,9.0,9.0,9.0,9.0,9.0,9.0,9.0,9.0,9.0,9.0,9.0,9.0,9.0,9.0,9.0,9.0,9.0,9.0,9.0,9.0,9.0,9.0,9.0,9.0,9.0,9.0,9.0,17.0,98.0,166.0,271.0,271.0,271.0,271.0,271.0,271.0,271.0,271.0,271.0,271.0,271.0,271.0,271.0,271.0,271.0,271.0,271.0,271.0,271.0,331.0,331.0,331.0,331.0,331.0,331.0,331.0,331.0,331.0,331.0,331.0,331.0,331.0,331.0,331.0,331.0,331.0,428.0,433.0,448.0,544.0,575.0,584.0,584.0,584.0,584.0,584.0,584.0,584.0,584.0,584.0,584.0,584.0,584.0,584.0,584.0,584.0,584.0,584.0,584.0,584.0,584.0,584.0,584.0,584.0,584.0,584.0,584.0,584.0,584.0,584.0,584.0,584.0,584.0,584.0,584.0,584.0,584.0,584.0,584.0,584.0,584.0,584.0,584.0,584.0,584.0,584.0,584.0,584.0,584.0,584.0,584.0,584.0,584.0,584.0,584.0,584.0,584.0,584.0,584.0,584.0,584.0,584.0,584.0,584.0,584.0,584.0,584.0,584.0,584.0,584.0,584.0,584.0,584.0,584.0,584.0,584.0,584.0,584.0,584.0,584.0,584.0,584.0,584.0,584.0,584.0,584.0,584.0,584.0,584.0,584.0,584.0,584.0,584.0,584.0,584.0,584.0,584.0,584.0,584.0,584.0,649.0,773.0,883.0,891.0,891.0,891.0,891.0,891.0,891.0,891.0,891.0,891.0,891.0,891.0,902.0,911.0,911.0,911.0,911.0,911.0,911.0,911.0,911.0,911.0,911.0,911.0,911.0,911.0,911.0,921.0,921.0,921.0,921.0,921.0,921.0,921.0,921.0,921.0,937.0,941.0,958.0,958.0,958.0,958.0,961.0,972.0,972.0,972.0,972.0,1065.0,1186.0,1202.0,1202.0,1202.0,1202.0,1202.0,1202.0,1232.0,1357.0,1441.0,1486.0,1510.0,1510.0,1510.0,1510.0,1510.0,1510.0,1510.0,1528.0,1528.0,1531.0,1540.0,1540.0,1562.0,1597.0,1648.0,1771.0,1894.0,2020.0,2145.0,2268.0,2392.0,2513.0,2628.0,2749.0,2835.0,2835.0,2840.0,2895.0,2895.0,2895.0,2895.0,2895.0,2895.0,2895.0,2895.0,2895.0,2895.0,2895.0,2895.0,2895.0,2895.0,2895.0,2895.0,2895.0,2987.0,3097.0,3218.0,3335.0,3453.0,3571.0,3688.0,3805.0,3921.0,4037.0,4153.0,4270.0,4386.0,4500.0,4525.0,4620.0,4620.0,4620.0,4620.0,4628.0,4646.0,4646.0,4646.0,4646.0,4646.0,4646.0,4646.0,4646.0,4646.0,4646.0,4646.0,4646.0,4646.0,4646.0,4646.0,4656.0,4659.0,4671.0,4672.0,4672.0,4687.0,4687.0,4687.0,4687.0,4687.0,4687.0,4687.0,4687.0,4687.0,4687.0,4687.0,4687.0,4687.0,4687.0,4687.0,4687.0,4687.0,4687.0,4687.0,4687.0,4687.0,4687.0,4687.0,4687.0,4687.0,4687.0,4687.0,4687.0,4687.0,4687.0,4687.0,4687.0,4687.0,4687.0,4687.0,4689.0,4689.0,4689.0,4689.0,4689.0,4778.0,4898.0,5020.0,5139.0,5260.0,5384.0,5496.0,5503.0,5503.0,5581.0,5581.0,5620.0,5739.0,5856.0,5964.0,6018.0,6030.0,6033.0,6033.0,6065.0,6157.0,6276.0,6397.0,6518.0,6638.0,6667.0,6787.0,6908.0,7027.0,7144.0,7265.0,7382.0,7479.0,7596.0,7601.0,7609.0,7609.0,7609.0,7609.0,7609.0,7609.0,7609.0,7609.0,7609.0,7609.0,7609.0,7609.0,7609.0,7609.0,7609.0,7609.0,7609.0,7609.0,7609.0,7609.0,7609.0,7609.0,7609.0,7609.0,7609.0,7609.0,7609.0,7609.0,7609.0,7609.0,7609.0,7609.0,7609.0,7609.0,7609.0,7609.0,7609.0,7609.0,7609.0,7609.0,7609.0,7609.0,7609.0,7609.0,7609.0,7609.0,7609.0,7609.0,7609.0,7609.0,7609.0,7609.0,7609.0,7609.0,7609.0,7609.0,7609.0,7609.0,7609.0,7609.0,7609.0,7609.0,7609.0,7609.0,7609.0,7609.0,7609.0,7609.0,7609.0,7609.0,7609.0,7609.0,7609.0,7609.0,7609.0,7609.0,7609.0,7609.0,7609.0,7609.0,7609.0,7609.0,7609.0,7609.0,7609.0,7609.0,7609.0,7609.0,7609.0,7619.0,7711.0,7829.0,7949.0,8078.0,8198.0,8323.0,8408.0,8537.0,8667.0,8769.0,8814.0,8845.0,8873.0,8887.0,8887.0,8887.0,8887.0,8887.0,8887.0,8887.0,8887.0,8887.0,8907.0,8907.0,8907.0,8981.0,8990.0,8990.0,8990.0,8990.0,9027.0,9063.0,9072.0,9156.0,9156.0,9161.0,9161.0,9161.0,9161.0,9161.0,9161.0,9161.0,9161.0,9161.0,9161.0,9187.0,9187.0,9199.0,9199.0,9199.0,9199.0,9258.0,9287.0,9315.0,9358.0,9482.0,9601.0,9723.0,9734.0,9820.0,9930.0,10053.0,10169.0,10286.0,10401.0,10471.0,10507.0,10507.0,10507.0,10507.0,10507.0,10507.0,10507.0,10507.0,10507.0,10507.0,10507.0,10507.0,10507.0,10507.0,10507.0,10507.0,10507.0,10507.0,10507.0,10507.0,10507.0,10507.0,10507.0,10507.0,10507.0,10507.0,10507.0,10507.0,10507.0,10507.0,10507.0,10507.0,10507.0,10507.0,10507.0,10507.0,10507.0,10507.0,10507.0,10507.0,10507.0,10507.0,10507.0,10507.0,10507.0,10507.0,10507.0,10507.0,10507.0,10507.0,10507.0,10507.0,10507.0,10507.0,10601.0,10663.0,10663.0,10663.0,10663.0,10663.0,10663.0,10663.0,10663.0,10663.0,10663.0,10663.0,10663.0,10663.0,10663.0,10663.0,10663.0,10663.0,10663.0,10663.0,10663.0,10719.0,10787.0,10840.0,10848.0,10848.0,10906.0,10994.0,11098.0,11212.0,11325.0,11445.0,11564.0,11684.0,11806.0,11923.0,12041.0,12158.0,12272.0,12390.0,12505.0,12540.0,12580.0,12606.0,12661.0,12661.0,12661.0,12661.0,12661.0,12661.0,12661.0,12661.0,12661.0,12661.0,12661.0,12661.0,12661.0,12661.0,12661.0,12661.0,12661.0,12661.0,12661.0,12661.0,12661.0,12661.0,12689.0,12690.0,12690.0,12716.0,12817.0,12863.0,12863.0,12863.0,12863.0,12863.0,12863.0,12863.0,12863.0,12863.0,12863.0,12863.0,12863.0,12863.0,12863.0,12863.0,12863.0,12867.0,12968.0,13100.0,13192.0,13295.0,13296.0,13337.0,13446.0,13556.0,13664.0,13757.0,13859.0,13964.0,14069.0,14177.0,14275.0,14380.0,14482.0,14556.0,14643.0,14710.0,14710.0,14710.0,14710.0,14710.0,14718.0,14718.0,14718.0,14718.0,14718.0,14718.0,14718.0,14718.0,14718.0,14718.0,14718.0,14718.0,14718.0,14718.0,14718.0,14718.0,14718.0,14718.0,14718.0,14718.0,14718.0,14718.0,14718.0,14718.0,14718.0,14718.0,14718.0,14718.0,14718.0,14718.0,14718.0,14718.0,14718.0,14718.0,14718.0,14718.0,14718.0,14718.0,14718.0,14718.0,14718.0,14718.0,14718.0,14718.0,14718.0,14718.0,14718.0,14718.0,14718.0,14718.0,14718.0,14720.0,14720.0,14720.0,14720.0,14720.0,14720.0,14720.0,14720.0,14720.0,14720.0,14720.0,14720.0,14720.0,14720.0,14720.0,14720.0,14720.0,14720.0,14720.0,14720.0,14720.0,14720.0,14720.0,14720.0,14720.0,14720.0,14720.0,14720.0,14720.0,14720.0,14720.0,14720.0,14720.0,14720.0,14720.0,14720.0,14720.0,14720.0,14720.0,14720.0,14720.0,14720.0,14720.0,14720.0,14720.0,14720.0,14720.0,14720.0,14720.0,14720.0,14720.0,14721.0,14731.0,14731.0,14731.0,14731.0,14731.0,14731.0,14731.0,14731.0,14731.0,14731.0,14731.0,14731.0,14731.0,14731.0,14731.0,14731.0,14731.0,14731.0,14731.0,14731.0,14731.0,14731.0,14731.0,14731.0,14731.0,14731.0,14731.0,14731.0,14731.0,14731.0,14731.0,14731.0,14731.0,14731.0,14731.0,14731.0,14731.0,14736.0,14736.0,14736.0,14736.0,14736.0,14736.0,14736.0,14736.0,14736.0,14736.0,14736.0,14736.0,14736.0,14736.0,14736.0,14736.0,14736.0,14736.0,14736.0,14736.0,14736.0,14736.0,14736.0,14736.0,14736.0,14736.0,14736.0,14736.0,14736.0,14736.0,14736.0,14736.0,14736.0,14736.0,14736.0,14736.0,14736.0,14736.0,14736.0,14736.0,14736.0,14736.0,14736.0,14736.0,14736.0,14736.0,14736.0,14737.0,14737.0,14737.0,14737.0,14737.0,14737.0,14743.0,14744.0,14744.0,14744.0,14744.0,14744.0,,,,,,,,,,,,,,,,,,,,,,,,,,,,,,,,,,,,,,,,,,,,,,,,,,,,,,,,,,,,,,,,,,,,,,,,,,,,,,,,,,,,,,,,,,,,,,,,,,,,,
2020-11-03,ios,,,,,,,,,,,,,,,,,,,,,,,,,,,,,,,,,,,,,,,,,,,,,,,,,,,,,,,,,,,,,,,,,,,,,,,,,,,,,,,,,,,,,,,,,,,,,,,,,,,,,,,,,,,,,,,,,,,,,,,,,,,,,,,,,,,,,,,,,,,,,,,,,,,,,,,,,,,,,,,,,,,,,,,,,,,,,,,,,,,,,,,,,,,,,,,,,,,,,,,,,,,,,,,,,,,,,,,,,,,,,,,,,,,,,,,,,,,,,,,,,,,,,,,,,,,,,,,,,,,,,,,,,,,,,,,,,,,,,,,,,,,,,,,,,,,,,,,,,,,,,,,,,,,,,,,,,,,,,,,,,,,,,,,,,,,,,,,,,,,,,,,,,,,,,,,,,,,,,,,,,,,,,,,,,,,,,,,,,,,,,,,,,,,,,,,,,,,,,,,,,,,,,,,,,,,,,,,,,,,,,,,,,,,,,,,,,,,,,,,,,,,,,,,,,,,,,,,,8.0,8.0,8.0,8.0,8.0,8.0,8.0,8.0,8.0,8.0,8.0,25.0,63.0,167.0,252.0,257.0,257.0,257.0,257.0,257.0,257.0,257.0,257.0,257.0,257.0,257.0,257.0,257.0,257.0,257.0,269.0,269.0,269.0,357.0,360.0,388.0,388.0,388.0,388.0,406.0,516.0,524.0,560.0,667.0,740.0,757.0,789.0,789.0,789.0,789.0,789.0,789.0,810.0,833.0,833.0,833.0,833.0,833.0,833.0,833.0,833.0,833.0,833.0,833.0,833.0,833.0,833.0,833.0,833.0,833.0,833.0,833.0,833.0,833.0,833.0,833.0,833.0,833.0,833.0,833.0,833.0,833.0,833.0,833.0,833.0,833.0,833.0,833.0,833.0,833.0,833.0,833.0,833.0,833.0,833.0,833.0,833.0,833.0,833.0,833.0,833.0,833.0,833.0,833.0,833.0,833.0,833.0,833.0,833.0,833.0,833.0,833.0,833.0,833.0,833.0,833.0,833.0,833.0,833.0,833.0,,,,,,,,,,,,,,,,,,,,,,,,,,,,,,,,,,,,,,,,,,,,,,,,,,,,,,,,,,,,,,,,,,,,,,,,,,,,,,,,,,,,,,,,,,,,,,,,,,,,,,,,,,,,,,,,,,,,,,,,,,,,,,,,,,,,,,,,,,,,,,,,,,,,,,,,,,,,,,,,,,,,,,,,,,,,,,,,,,,,,,,,,,,,,,,,,,,,,,,,,,,,,,,,,,,,,,,,,,,,,,,,,,,,,,,,,,,,,,,,,,,,,,,,,,,,,,,,,,,,,,,,,,,,,,,,,,,,,,,,,,,,,,,,,,,,,,,,,,,,,,,,,,,,,,,,,,,,,,,,,,,,,,,,,,,,,,,,,,,,,,,,,,,,,,,,,,,,,,,,,,,,,,,,,,,,,,,,,,,,,,,,,,,,,,,,,,,,,,,,,,,,,,,,,,,,,,,,,,,,,,,,,,,,,,,,,,,,,,,,,,,,,,,,,,,,,,,,,,,,,,,,,,,,,,,,,,,,,,,,,,,,,,,,,,,,,,,,,,,,,,,,,,,,,,,,,,,,,,,,,,,,,,,,,,,,,,,,,,,,,,,,,,,,,,,,,,,,,,,,,,,,,,,,,,,,,,,,,,,,,,,,,,,,,,,,,,,,,,,,,,,,,,,,,,,,,,,,,,,,,,,,,,,,,,,,,,,,,,,,,,,,,,,,,,,,,,,,,,,,,,,,,,,,,,,,,,,,,,,,,,,,,,,,,,,,,,,,,,,,,,,,,,,,,,,,,,,,,,,,,,,,,,,,,,,,,,,,,,,,,,,,,,,,,,,,,,,,,,,,,,,,,,,,,,,,,,,,,,,,,,,,,,,,,,,,,,,,,,,,,,,,,,,,,,,,,,,,,,,,,,,,,,,,,,,,,,,,,,,,,,,,,,,,,,,,,,,,,,,,,,,,,
2020-11-10,ios,,,,,,,,,,,,,,,,,,,,,,,,,,,,,,,,,,,,,,,,,,,,,,,,,,,,,,,,,,,,,,,,,,,,,,,,,,,,,,,,,,,,,,,,,,,,,,,,,,,,,,,,,,,,,,,,,,,,,,,,,,,,,,,,,,,,,,,,,,,,,,,,,,,,,,,,,,,,,,,,,,,,,,,,,,,,,,,,,,,,,,,,,,,,,,,,,,,,,,,,,,,,,,,,,,,,,,,,,,,,,,,,,,,,,,,,,,,,,,,,,,,,,,,,,,,,,,,,,,,,,,,,,,,,,,,,,,,,,,,,,,,,,,,,,,,,,,,,,,,,,,,,,,,,,,,,,,,,,,,,,,,,,,,,,,,,,,,,,,,,,,,,,,,,,,,,,,,,,,,,,,,,,,,,,,,,,,,,,,,,,,,,,,,,,,,,,,,,,,,,,,,,,,,,,,,,,,,,,,,,,,,,,,,,,,,,,,,,,,,,,,,,,,,,,,,,,,,,,,,,2.0,4.0,97.0,191.0,199.0,199.0,199.0,199.0,199.0,199.0,199.0,199.0,199.0,199.0,199.0,199.0,199.0,199.0,199.0,204.0,274.0,385.0,498.0,616.0,738.0,783.0,821.0,821.0,821.0,821.0,821.0,821.0,821.0,821.0,821.0,821.0,891.0,1013.0,1136.0,1254.0,1375.0,1475.0,1538.0,1538.0,1538.0,1538.0,1538.0,1538.0,1538.0,1538.0,1538.0,1538.0,1538.0,1538.0,1538.0,1538.0,1538.0,1538.0,1538.0,1538.0,1538.0,1538.0,1538.0,1538.0,1538.0,1538.0,1538.0,1538.0,1538.0,1538.0,1538.0,1538.0,1538.0,1538.0,1538.0,1538.0,1538.0,1538.0,1538.0,1538.0,1538.0,1538.0,1538.0,1538.0,1538.0,1538.0,1538.0,1538.0,1538.0,1538.0,1538.0,1538.0,1538.0,1538.0,1538.0,1538.0,1538.0,1538.0,1538.0,1538.0,1538.0,1538.0,1538.0,1538.0,1538.0,1538.0,1538.0,1538.0,1538.0,1538.0,1538.0,1538.0,1538.0,1538.0,1538.0,1538.0,1538.0,1538.0,1538.0,1538.0,1538.0,1538.0,1538.0,1538.0,1538.0,1538.0,1538.0,1538.0,1538.0,1538.0,1538.0,1538.0,1538.0,1538.0,1538.0,1538.0,1538.0,1538.0,1538.0,1538.0,1538.0,1538.0,1538.0,1538.0,1538.0,1576.0,1600.0,1600.0,1600.0,1600.0,1600.0,1641.0,1688.0,1688.0,1688.0,1688.0,1688.0,1688.0,1688.0,1688.0,1688.0,1688.0,1688.0,1688.0,1688.0,1688.0,1688.0,1688.0,1688.0,1688.0,1688.0,1688.0,1688.0,1688.0,1688.0,1688.0,1688.0,1688.0,1688.0,1688.0,1688.0,1688.0,1688.0,1688.0,1688.0,1688.0,1688.0,1688.0,1688.0,1688.0,1688.0,1688.0,1688.0,1688.0,1688.0,1688.0,1688.0,1688.0,1688.0,1688.0,1688.0,1688.0,1688.0,1688.0,1688.0,1688.0,1688.0,1688.0,1688.0,1688.0,1688.0,1688.0,1688.0,1688.0,1688.0,1688.0,1688.0,1688.0,1688.0,1688.0,1688.0,1688.0,1688.0,1688.0,1688.0,1688.0,1688.0,1688.0,1688.0,1688.0,1688.0,1688.0,1688.0,1704.0,1815.0,1943.0,2068.0,2198.0,2298.0,2298.0,2298.0,2298.0,2298.0,2298.0,2328.0,2328.0,2328.0,2328.0,2328.0,2328.0,2328.0,2328.0,2328.0,2328.0,2328.0,2328.0,2328.0,2328.0,2328.0,2328.0,2328.0,2328.0,2328.0,2328.0,2328.0,2328.0,2431.0,2527.0,2622.0,2718.0,2818.0,2891.0,2984.0,3056.0,3129.0,3205.0,3292.0,3368.0,3459.0,3545.0,3622.0,3705.0,3770.0,3835.0,3902.0,3963.0,4028.0,4104.0,4184.0,4279.0,4352.0,4432.0,4432.0,4496.0,4513.0,4574.0,4660.0,4740.0,4793.0,4874.0,4967.0,5061.0,5153.0,5254.0,5353.0,5457.0,5552.0,5656.0,5754.0,5843.0,5936.0,6033.0,6130.0,6228.0,6329.0,,,,,,,,,,,,,,,,,,,,,,,,,,,,,,,,,,,,,,,,,,,,,,,,,,,,,,,,,,,,,,,,,,,,,,,,,,,,,,,,,,,,,,,,,,,,,,,,,,,,,,,,,,,,,,,,,,,,,,,,,,,,,,,,,,,,,,,,,,,,,,,,,,,,,,,,,,,,,,,,,,,,,,,,,,,,,,,,,,,,,,,,,,,,,,,,,,,,,,,,,,,,,,,,,,,,,,,,,,,,,,,,,,,,,,,,,,,,,,,,,,,,,,,,,,,,,,,,,,,,,,,,,,,,,,,,,,,,,,,,,,,,,,,,,,,,,,,,,,,,,,,,,,,,,,,,,,,,,,,,,,,,,,,,,,,,,,,,,,,,,,,,,,,,,,,,,,,,,,,,,,,,,,,,,,,,,,,,,,,,,,,,,,,,,,,,,,,,,,,,,,,,,,,,,,,,,,,,,,,,,,,,,,,,,,,,,,,,,,,,,,,,,,,,,,,,,,,,,,,,,,,,,,,,,,,,,,,,,,,,,,,,,,,,,,,,,,,,,,,,,,,,,,,,,,,,,,,,,,,,,,,,,,,,,,,,,,,,,,,,,,,,,,,,,,,,,,,,,,,,,,,,,,,,,,,,,,,,,,,,,,,,,,,,,,,,,,,,,,,,,,,,,,,,,,,,,,,,,,,,,,,,,,,,,,,,,,,,,,,,,,,,,,,,,,,,,,,,,,,,,,,,,,
2020-11-17,ios,,,,,,,,,,,,,,,,,,,,,,,,,,,,,,,,,,,,,,,,,,,,,,,,,,,,,,,,,,,,,,,,,,,,,,,,,,,,,,,,,,,,,,,,,,,,,,,,,,,,,,,,,,,,,,,,,,,,,,,,,,,,,,,,,,,,,,,,,,,,,,,,,,,,,,,,,,,,,,,,,,,,,,,,,,,,,,,,,,,,,,,,,,,,,,,,,,,,,,,,,,,,,,,,,,,,,,,,,,,,,,,,,,,,,,,,,,,,,,,,,,,,,,,,,,,,,,,,,,,,,,,,,,,,,,,,,,,,,,,,,,,,,,,,,,,,,,,,,,,,,,,,,,,,,,,,,,,,,,,,,,,,,,,,,,,,,,,,,,,,,,,,,,,,,,,,,,,,,,,,,,,,,,,,,,,,,,,,,,,,,,,,,,,,,,,,,,,,,,,,,,,,,,,,,,,,,,,,,,,,,,2.0,4.0,4.0,4.0,4.0,4.0,4.0,4.0,4.0,4.0,4.0,4.0,4.0,4.0,4.0,4.0,4.0,4.0,4.0,4.0,4.0,4.0,4.0,4.0,4.0,4.0,4.0,4.0,4.0,4.0,4.0,4.0,4.0,4.0,4.0,4.0,4.0,4.0,9.0,9.0,25.0,34.0,34.0,34.0,34.0,44.0,133.0,175.0,175.0,175.0,175.0,175.0,175.0,175.0,175.0,175.0,175.0,175.0,175.0,175.0,175.0,175.0,175.0,175.0,273.0,384.0,501.0,619.0,723.0,735.0,847.0,964.0,1081.0,1199.0,1306.0,1368.0,1368.0,1368.0,1368.0,1368.0,1368.0,1368.0,1368.0,,,,,,,,,,,,,,,,,,,,,,,,,,,,,,,,,,,,,,,,,,,,,,,,,,,,,,,,,,,,,,,,,,,,,,,,,,,,,,,,,,,,,,,,,,,,,,,,,,,,,,,,,,,,,,,,,,,,,,,,,,,,,,,,,,,,,,,,,,,,,,,,,,,,,,,,,,,,,,,,,,,,,,,,,,,,,,,,,,,,,,,,,,,,,,,,,,,,,,,,,,,,,,,,,,,,,,,,,,,,,,,,,,,,,,,,,,,,,,,,,,,,,,,,,,,,,,,,,,,,,,,,,,,,,,,,,,,,,,,,,,,,,,,,,,,,,,,,,,,,,,,,,,,,,,,,,,,,,,,,,,,,,,,,,,,,,,,,,,,,,,,,,,,,,,,,,,,,,,,,,,,,,,,,,,,,,,,,,,,,,,,,,,,,,,,,,,,,,,,,,,,,,,,,,,,,,,,,,,,,,,,,,,,,,,,,,,,,,,,,,,,,,,,,,,,,,,,,,,,,,,,,,,,,,,,,,,,,,,,,,,,,,,,,,,,,,,,,,,,,,,,,,,,,,,,,,,,,,,,,,,,,,,,,,,,,,,,,,,,,,,,,,,,,,,,,,,,,,,,,,,,,,,,,,,,,,,,,,,,,,,,,,,,,,,,,,,,,,,,,,,,,,,,,,,,,,,,,,,,,,,,,,,,,,,,,,,,,,,,,,,,,,,,,,,,,,,,,,,,,,,,,,,,,,,,,,,,,,,,,,,,,,,,,,,,,,,,,,,,,,,,,,,,,,,,,,,,,,,,,,,,,,,,,,,,,,,,,,,,,,,,,,,,,,,,,,,,,,,,,,,,,,,,,,,,,,,,,,,,,,,,,,,,,,,,,,,,,,,,,,,,,,,,,,,,,,,,,,,,,,,,,,,,,,,,,,,,,,,,,,,,,,,,,,,,,,,,,,,,,,,,,,,,,,,,,,,,,,,,,,,,,,,,,,,,,,,,,,,,,,,,,,,,,,,,,,,,,,,,,,,,,,,,,,,,,,,,,
2020-11-19,ios,,,,,,,,,,,,,,,,,,,,,,,,,,,,,,,,,,,,,,,,,,,,,,,,,,,,,,,,,,,,,,,,,,,,,,,,,,,,,,,,,,,,,,,,,,,,,,,,,,,,,,,,,,,,,,,,,,,,,,,,,,,,,,,,,,,,,,,,,,,,,,,,,,,,,,,,,,,,,,,,,,,,,,,,,,,,,,,,,,,,,,,,,,,,,,,,,,,,,,,,,,,,,,,,,,,,,,,,,,,,,,,,,,,,,,,,,,,,,,,,,,,,,,,,,,,,,,,,,,,,,,,,,,,,,,,,,,,,,,,,,,,,,,,,,,,,,,,,,,,,,,,,,,,,,,,,,,,,,,,,,,,,,,,,,,,,,,,,,,,,,,,,,,,,,,,,,,,,,,,,,,,,,,,,,,,,,,,,,,,,,,,,,,,,,,,,,,,,,,,,,,,,,,,,,,,,,,,,,,,,,,,,,,,,,,,,,,,,,,,,,,,,,,,,,,,,,,,,,,,,,,9.0,38.0,115.0,186.0,186.0,186.0,186.0,186.0,193.0,201.0,201.0,210.0,210.0,210.0,210.0,210.0,210.0,210.0,210.0,210.0,212.0,212.0,303.0,425.0,545.0,666.0,752.0,763.0,791.0,791.0,791.0,791.0,791.0,791.0,791.0,791.0,791.0,791.0,791.0,853.0,967.0,1086.0,1203.0,1319.0,1416.0,1484.0,1484.0,1484.0,1484.0,1484.0,1484.0,1484.0,1484.0,1484.0,1484.0,1484.0,1484.0,1484.0,1484.0,1484.0,1484.0,1484.0,1484.0,1484.0,1484.0,1484.0,1484.0,1484.0,1484.0,1484.0,1484.0,1484.0,1484.0,1484.0,1484.0,1484.0,1484.0,1484.0,1484.0,1484.0,1484.0,1484.0,1484.0,1484.0,1484.0,1484.0,1484.0,1484.0,1484.0,1484.0,1484.0,1484.0,1484.0,1484.0,1484.0,1484.0,1484.0,1484.0,1484.0,1484.0,1484.0,1484.0,1484.0,1484.0,1484.0,1484.0,1484.0,1484.0,1484.0,1484.0,1484.0,1484.0,1484.0,1484.0,1484.0,1484.0,1484.0,1484.0,1484.0,1484.0,1484.0,1484.0,1484.0,1484.0,1484.0,1484.0,1484.0,1484.0,1484.0,1484.0,1484.0,1513.0,1513.0,1513.0,1513.0,1513.0,1513.0,1513.0,1513.0,1513.0,1513.0,1513.0,1513.0,1513.0,1513.0,1513.0,1513.0,1513.0,1513.0,1513.0,1513.0,1513.0,1513.0,1513.0,1513.0,1513.0,1513.0,1513.0,1545.0,1643.0,1763.0,1882.0,2000.0,2000.0,2000.0,2020.0,2069.0,2093.0,2214.0,2334.0,2451.0,2532.0,2537.0,2555.0,2619.0,2691.0,2729.0,2771.0,2789.0,2789.0,2789.0,2789.0,2789.0,2789.0,2789.0,2789.0,2789.0,2789.0,2789.0,2789.0,2789.0,2789.0,2789.0,2789.0,2789.0,2789.0,2789.0,2789.0,2865.0,2963.0,3044.0,3092.0,3166.0,3254.0,3351.0,3450.0,3505.0,3595.0,3595.0,3595.0,3595.0,3595.0,3595.0,3595.0,3595.0,3595.0,3630.0,3759.0,3886.0,4011.0,4024.0,4024.0,4032.0,4032.0,4082.0,4152.0,4195.0,4195.0,4195.0,4309.0,4435.0,4549.0,4638.0,4670.0,4792.0,4909.0,5029.0,5148.0,5253.0,5265.0,5321.0,5321.0,5321.0,5321.0,5321.0,5321.0,5321.0,5321.0,5321.0,5321.0,5321.0,5321.0,5321.0,5321.0,5321.0,5321.0,5321.0,5321.0,5342.0,5445.0,5549.0,5655.0,5765.0,5874.0,5981.0,6085.0,6199.0,6307.0,6415.0,6472.0,6509.0,6614.0,6717.0,6820.0,6926.0,7037.0,7150.0,7263.0,7378.0,7494.0,7582.0,7658.0,7683.0,7759.0,7805.0,7857.0,7872.0,7900.0,7900.0,7900.0,7900.0,7928.0,7999.0,8072.0,8129.0,8179.0,8243.0,8296.0,8296.0,8296.0,8322.0,8322.0,8338.0,8419.0,8508.0,8568.0,8646.0,8744.0,8759.0,8867.0,8966.0,9058.0,9156.0,9256.0,9356.0,9361.0,9456.0,9502.0,9586.0,9687.0,9778.0,9878.0,9968.0,10068.0,10167.0,10267.0,10365.0,10463.0,10552.0,10628.0,10628.0,10628.0,10628.0,10628.0,10628.0,10628.0,10628.0,10628.0,10628.0,10628.0,10628.0,10628.0,10628.0,10628.0,10628.0,10628.0,10628.0,10628.0,10628.0,10628.0,10628.0,10628.0,10628.0,10628.0,10628.0,10628.0,10628.0,10628.0,10628.0,10628.0,10628.0,10628.0,10628.0,10628.0,10628.0,10628.0,10628.0,10628.0,10628.0,10628.0,10628.0,10628.0,10628.0,10628.0,10628.0,10628.0,10628.0,10628.0,10628.0,10628.0,10628.0,10628.0,10628.0,10628.0,10628.0,10628.0,10628.0,10628.0,10628.0,10628.0,10628.0,10628.0,10628.0,10628.0,10628.0,10628.0,10628.0,10628.0,10628.0,10628.0,10628.0,10628.0,,,,,,,,,,,,,,,,,,,,,,,,,,,,,,,,,,,,,,,,,,,,,,,,,,,,,,,,,,,,,,,,,,,,,,,,,,,,,,,,,,,,,,,,,,,,,,,,,,,,,,,,,,,,,,,,,,,,,,,,,,,,,,,,,,,,,,,,,,,,,,,,,,,,,,,,,,,,,,,,,,,,,,,,,,,,,,,,,,,,,,,,,,,,,,,,,,,,,,,,,,,,,,,,,,,,,,,,,,,,,,,,,,,,,,,,,,,,,,,,,,,,,,,,,,,,,,,,,,,,,,,,,,,,,,,,,,,,,,,,,,,,,,,,,,,,,,,,,,,,,,,,,,,,,,,,,,,,,,,,,,,,,,,,,,,,,,,,,,,,,,,,,,,,,,,,,,,,,,,,,,,,,,,,,,,,,,,,,,,,,,,,,,,,,,,,,,,,,,,,,,,,,,,,,,,,,,,,,,,,,,,,,,,,,,,,,,,,,,,,,,,,,,,,,,,,,,,,,,,,,,,,,,,,,,,,,,,,,,,,,,,,,,,,,,,,,,,,,,,,,,,,,,,,,,,,,,,,,,,,,,,,,,,,,,,,,,,,,,,,,,,,,,,,,,,,,,,,,,,,,,,,,,,,,,,,,,,,,
2020-11-20,ios,,,,,,,,,,,,,,,,,,,,,,,,,,,,,,,,,,,,,,,,,,,,,,,,,,,,,,,,,,,,,,,,,,,,,,,,,,,,,,,,,,,,,,,,,,,,,,,,,,,,,,,,,,,,,,,,,,,,,,,,,,,,,,,,,,,,,,,,,,,,,,,,,,,,,,,,,,,,,,,,,,,,,,,,,,,,,,,,,,,,,,,,,,,,,,,,,,,,,,,,,,,,,,,,,,,,,,,,,,,,,,,,,,,,,,,,,,,,,,,,,,,,,,,,,,,,,,,,,,,,,,,,,,,,,,,,,,,,,,,,,,,,,,,,,,,,,,,,,,,,,,,,,,,,,,,,,,,,,,,,,,,,,,,,,,,,,,,,,,,,,,,,,,,,,,,,,,,,,,,,,,,,,,,,,,,,,,,,,,,,,,,,,,,,,,,,,,,,,,,,,,,,,,,,,,,,,,,,,,,,,,,,,,,,,,,,,,,,,,,,,,,,,,,,,,,,,,,,,,,,,,,,,,19.0,129.0,189.0,189.0,189.0,189.0,189.0,192.0,192.0,192.0,192.0,192.0,192.0,192.0,192.0,192.0,212.0,212.0,212.0,291.0,408.0,525.0,644.0,745.0,745.0,756.0,792.0,792.0,792.0,792.0,792.0,792.0,792.0,792.0,792.0,792.0,792.0,879.0,994.0,1107.0,1223.0,1339.0,1441.0,1534.0,1534.0,1534.0,1534.0,1534.0,1534.0,1534.0,1534.0,1534.0,1534.0,1534.0,1534.0,1534.0,1534.0,1534.0,1534.0,1534.0,1534.0,1534.0,1534.0,1534.0,1534.0,1534.0,1534.0,1534.0,1534.0,1534.0,1534.0,1534.0,1534.0,1534.0,1534.0,1534.0,1534.0,1534.0,,,,,,,,,,,,,,,,,,,,,,,,,,,,,,,,,,,,,,,,,,,,,,,,,,,,,,,,,,,,,,,,,,,,,,,,,,,,,,,,,,,,,,,,,,,,,,,,,,,,,,,,,,,,,,,,,,,,,,,,,,,,,,,,,,,,,,,,,,,,,,,,,,,,,,,,,,,,,,,,,,,,,,,,,,,,,,,,,,,,,,,,,,,,,,,,,,,,,,,,,,,,,,,,,,,,,,,,,,,,,,,,,,,,,,,,,,,,,,,,,,,,,,,,,,,,,,,,,,,,,,,,,,,,,,,,,,,,,,,,,,,,,,,,,,,,,,,,,,,,,,,,,,,,,,,,,,,,,,,,,,,,,,,,,,,,,,,,,,,,,,,,,,,,,,,,,,,,,,,,,,,,,,,,,,,,,,,,,,,,,,,,,,,,,,,,,,,,,,,,,,,,,,,,,,,,,,,,,,,,,,,,,,,,,,,,,,,,,,,,,,,,,,,,,,,,,,,,,,,,,,,,,,,,,,,,,,,,,,,,,,,,,,,,,,,,,,,,,,,,,,,,,,,,,,,,,,,,,,,,,,,,,,,,,,,,,,,,,,,,,,,,,,,,,,,,,,,,,,,,,,,,,,,,,,,,,,,,,,,,,,,,,,,,,,,,,,,,,,,,,,,,,,,,,,,,,,,,,,,,,,,,,,,,,,,,,,,,,,,,,,,,,,,,,,,,,,,,,,,,,,,,,,,,,,,,,,,,,,,,,,,,,,,,,,,,,,,,,,,,,,,,,,,,,,,,,,,,,,,,,,,,,,,,,,,,,,,,,,,,,,,,,,,,,,,,,,,,,,,,,,,,,,,,,,,,,,,,,,,,,,,,,,,,,,,,,,,,,,,,,,,,,,,,,,,,,,,,,,,,,,,,,,,,,,,,,,,,,,,,,,,,,,,,,,,,,,,,,,,,,,,,,,,,,,,,,,,,,,,,,,,,,,,,,,,,,,,,,
2020-11-25,ios,,,,,,,,,,,,,,,,,,,,,,,,,,,,,,,,,,,,,,,,,,,,,,,,,,,,,,,,,,,,,,,,,,,,,,,,,,,,,,,,,,,,,,,,,,,,,,,,,,,,,,,,,,,,,,,,,,,,,,,,,,,,,,,,,,,,,,,,,,,,,,,,,,,,,,,,,,,,,,,,,,,,,,,,,,,,,,,,,,,,,,,,,,,,,,,,,,,,,,,,,,,,,,,,,,,,,,,,,,,,,,,,,,,,,,,,,,,,,,,,,,,,,,,,,,,,,,,,,,,,,,,,,,,,,,,,,,,,,,,,,,,,,,,,,,,,,,,,,,,,,,,,,,,,,,,,,,,,,,,,,,,,,,,,,,,,,,,,,,,,,,,,,,,,,,,,,,,,,,,,,,,,,,,,,,,,,,,,,,,,,,,,,,,,,,,,,,,,,,,,,,,,,,,,,,,,,,,,,,,,,,,,,,,,,,,,,,,,,,,,,,,,,,,,,,,,,,,,,,,,,,,13.0,13.0,13.0,103.0,179.0,179.0,200.0,200.0,200.0,200.0,200.0,200.0,200.0,200.0,200.0,200.0,200.0,200.0,211.0,211.0,216.0,228.0,234.0,234.0,318.0,435.0,557.0,678.0,800.0,839.0,869.0,869.0,869.0,869.0,869.0,869.0,869.0,869.0,894.0,1011.0,1126.0,1245.0,1363.0,1474.0,1569.0,1585.0,1585.0,1585.0,1585.0,1585.0,1585.0,1585.0,1585.0,1585.0,1585.0,1585.0,1585.0,1585.0,1585.0,1585.0,1585.0,1585.0,1585.0,1585.0,1585.0,1585.0,1585.0,1585.0,1585.0,1585.0,1585.0,1585.0,1585.0,1585.0,1585.0,1585.0,1585.0,1585.0,1585.0,1585.0,1632.0,1634.0,1634.0,1634.0,1634.0,1634.0,1676.0,1701.0,1701.0,1701.0,1701.0,1701.0,1701.0,1701.0,1701.0,1701.0,1701.0,1701.0,1701.0,1701.0,1701.0,1701.0,1701.0,1701.0,1701.0,1701.0,1701.0,1701.0,1701.0,1701.0,1701.0,1701.0,1701.0,1701.0,1701.0,1701.0,1701.0,1701.0,1701.0,1701.0,1701.0,1701.0,1701.0,1701.0,1701.0,1701.0,1701.0,1701.0,1701.0,,,,,,,,,,,,,,,,,,,,,,,,,,,,,,,,,,,,,,,,,,,,,,,,,,,,,,,,,,,,,,,,,,,,,,,,,,,,,,,,,,,,,,,,,,,,,,,,,,,,,,,,,,,,,,,,,,,,,,,,,,,,,,,,,,,,,,,,,,,,,,,,,,,,,,,,,,,,,,,,,,,,,,,,,,,,,,,,,,,,,,,,,,,,,,,,,,,,,,,,,,,,,,,,,,,,,,,,,,,,,,,,,,,,,,,,,,,,,,,,,,,,,,,,,,,,,,,,,,,,,,,,,,,,,,,,,,,,,,,,,,,,,,,,,,,,,,,,,,,,,,,,,,,,,,,,,,,,,,,,,,,,,,,,,,,,,,,,,,,,,,,,,,,,,,,,,,,,,,,,,,,,,,,,,,,,,,,,,,,,,,,,,,,,,,,,,,,,,,,,,,,,,,,,,,,,,,,,,,,,,,,,,,,,,,,,,,,,,,,,,,,,,,,,,,,,,,,,,,,,,,,,,,,,,,,,,,,,,,,,,,,,,,,,,,,,,,,,,,,,,,,,,,,,,,,,,,,,,,,,,,,,,,,,,,,,,,,,,,,,,,,,,,,,,,,,,,,,,,,,,,,,,,,,,,,,,,,,,,,,,,,,,,,,,,,,,,,,,,,,,,,,,,,,,,,,,,,,,,,,,,,,,,,,,,,,,,,,,,,,,,,,,,,,,,,,,,,,,,,,,,,,,,,,,,,,,,,,,,,,,,,,,,,,,,,,,,,,,,,,,,,,,,,,,,,,,,,,,,,,,,,,,,,,,,,,,,,,,,,,,,,,,,,,,,,,,,,,,,,,,,,,,,,,,,,,,,,,,,,,,,,,,,,,,,,,,,,,,,,,,,,,,,,,,,,,,,,,,,,,,,,,,,,,,,,,,,,,,,,,,,,,,,,,,
