date,type,00:00,00:01,00:02,00:03,00:04,00:05,00:06,00:07,00:08,00:09,00:10,00:11,00:12,00:13,00:14,00:15,00:16,00:17,00:18,00:19,00:20,00:21,00:22,00:23,00:24,00:25,00:26,00:27,00:28,00:29,00:30,00:31,00:32,00:33,00:34,00:35,00:36,00:37,00:38,00:39,00:40,00:41,00:42,00:43,00:44,00:45,00:46,00:47,00:48,00:49,00:50,00:51,00:52,00:53,00:54,00:55,00:56,00:57,00:58,00:59,01:00,01:01,01:02,01:03,01:04,01:05,01:06,01:07,01:08,01:09,01:10,01:11,01:12,01:13,01:14,01:15,01:16,01:17,01:18,01:19,01:20,01:21,01:22,01:23,01:24,01:25,01:26,01:27,01:28,01:29,01:30,01:31,01:32,01:33,01:34,01:35,01:36,01:37,01:38,01:39,01:40,01:41,01:42,01:43,01:44,01:45,01:46,01:47,01:48,01:49,01:50,01:51,01:52,01:53,01:54,01:55,01:56,01:57,01:58,01:59,02:00,02:01,02:02,02:03,02:04,02:05,02:06,02:07,02:08,02:09,02:10,02:11,02:12,02:13,02:14,02:15,02:16,02:17,02:18,02:19,02:20,02:21,02:22,02:23,02:24,02:25,02:26,02:27,02:28,02:29,02:30,02:31,02:32,02:33,02:34,02:35,02:36,02:37,02:38,02:39,02:40,02:41,02:42,02:43,02:44,02:45,02:46,02:47,02:48,02:49,02:50,02:51,02:52,02:53,02:54,02:55,02:56,02:57,02:58,02:59,03:00,03:01,03:02,03:03,03:04,03:05,03:06,03:07,03:08,03:09,03:10,03:11,03:12,03:13,03:14,03:15,03:16,03:17,03:18,03:19,03:20,03:21,03:22,03:23,03:24,03:25,03:26,03:27,03:28,03:29,03:30,03:31,03:32,03:33,03:34,03:35,03:36,03:37,03:38,03:39,03:40,03:41,03:42,03:43,03:44,03:45,03:46,03:47,03:48,03:49,03:50,03:51,03:52,03:53,03:54,03:55,03:56,03:57,03:58,03:59,04:00,04:01,04:02,04:03,04:04,04:05,04:06,04:07,04:08,04:09,04:10,04:11,04:12,04:13,04:14,04:15,04:16,04:17,04:18,04:19,04:20,04:21,04:22,04:23,04:24,04:25,04:26,04:27,04:28,04:29,04:30,04:31,04:32,04:33,04:34,04:35,04:36,04:37,04:38,04:39,04:40,04:41,04:42,04:43,04:44,04:45,04:46,04:47,04:48,04:49,04:50,04:51,04:52,04:53,04:54,04:55,04:56,04:57,04:58,04:59,05:00,05:01,05:02,05:03,05:04,05:05,05:06,05:07,05:08,05:09,05:10,05:11,05:12,05:13,05:14,05:15,05:16,05:17,05:18,05:19,05:20,05:21,05:22,05:23,05:24,05:25,05:26,05:27,05:28,05:29,05:30,05:31,05:32,05:33,05:34,05:35,05:36,05:37,05:38,05:39,05:40,05:41,05:42,05:43,05:44,05:45,05:46,05:47,05:48,05:49,05:50,05:51,05:52,05:53,05:54,05:55,05:56,05:57,05:58,05:59,06:00,06:01,06:02,06:03,06:04,06:05,06:06,06:07,06:08,06:09,06:10,06:11,06:12,06:13,06:14,06:15,06:16,06:17,06:18,06:19,06:20,06:21,06:22,06:23,06:24,06:25,06:26,06:27,06:28,06:29,06:30,06:31,06:32,06:33,06:34,06:35,06:36,06:37,06:38,06:39,06:40,06:41,06:42,06:43,06:44,06:45,06:46,06:47,06:48,06:49,06:50,06:51,06:52,06:53,06:54,06:55,06:56,06:57,06:58,06:59,07:00,07:01,07:02,07:03,07:04,07:05,07:06,07:07,07:08,07:09,07:10,07:11,07:12,07:13,07:14,07:15,07:16,07:17,07:18,07:19,07:20,07:21,07:22,07:23,07:24,07:25,07:26,07:27,07:28,07:29,07:30,07:31,07:32,07:33,07:34,07:35,07:36,07:37,07:38,07:39,07:40,07:41,07:42,07:43,07:44,07:45,07:46,07:47,07:48,07:49,07:50,07:51,07:52,07:53,07:54,07:55,07:56,07:57,07:58,07:59,08:00,08:01,08:02,08:03,08:04,08:05,08:06,08:07,08:08,08:09,08:10,08:11,08:12,08:13,08:14,08:15,08:16,08:17,08:18,08:19,08:20,08:21,08:22,08:23,08:24,08:25,08:26,08:27,08:28,08:29,08:30,08:31,08:32,08:33,08:34,08:35,08:36,08:37,08:38,08:39,08:40,08:41,08:42,08:43,08:44,08:45,08:46,08:47,08:48,08:49,08:50,08:51,08:52,08:53,08:54,08:55,08:56,08:57,08:58,08:59,09:00,09:01,09:02,09:03,09:04,09:05,09:06,09:07,09:08,09:09,09:10,09:11,09:12,09:13,09:14,09:15,09:16,09:17,09:18,09:19,09:20,09:21,09:22,09:23,09:24,09:25,09:26,09:27,09:28,09:29,09:30,09:31,09:32,09:33,09:34,09:35,09:36,09:37,09:38,09:39,09:40,09:41,09:42,09:43,09:44,09:45,09:46,09:47,09:48,09:49,09:50,09:51,09:52,09:53,09:54,09:55,09:56,09:57,09:58,09:59,10:00,10:01,10:02,10:03,10:04,10:05,10:06,10:07,10:08,10:09,10:10,10:11,10:12,10:13,10:14,10:15,10:16,10:17,10:18,10:19,10:20,10:21,10:22,10:23,10:24,10:25,10:26,10:27,10:28,10:29,10:30,10:31,10:32,10:33,10:34,10:35,10:36,10:37,10:38,10:39,10:40,10:41,10:42,10:43,10:44,10:45,10:46,10:47,10:48,10:49,10:50,10:51,10:52,10:53,10:54,10:55,10:56,10:57,10:58,10:59,11:00,11:01,11:02,11:03,11:04,11:05,11:06,11:07,11:08,11:09,11:10,11:11,11:12,11:13,11:14,11:15,11:16,11:17,11:18,11:19,11:20,11:21,11:22,11:23,11:24,11:25,11:26,11:27,11:28,11:29,11:30,11:31,11:32,11:33,11:34,11:35,11:36,11:37,11:38,11:39,11:40,11:41,11:42,11:43,11:44,11:45,11:46,11:47,11:48,11:49,11:50,11:51,11:52,11:53,11:54,11:55,11:56,11:57,11:58,11:59,12:00,12:01,12:02,12:03,12:04,12:05,12:06,12:07,12:08,12:09,12:10,12:11,12:12,12:13,12:14,12:15,12:16,12:17,12:18,12:19,12:20,12:21,12:22,12:23,12:24,12:25,12:26,12:27,12:28,12:29,12:30,12:31,12:32,12:33,12:34,12:35,12:36,12:37,12:38,12:39,12:40,12:41,12:42,12:43,12:44,12:45,12:46,12:47,12:48,12:49,12:50,12:51,12:52,12:53,12:54,12:55,12:56,12:57,12:58,12:59,13:00,13:01,13:02,13:03,13:04,13:05,13:06,13:07,13:08,13:09,13:10,13:11,13:12,13:13,13:14,13:15,13:16,13:17,13:18,13:19,13:20,13:21,13:22,13:23,13:24,13:25,13:26,13:27,13:28,13:29,13:30,13:31,13:32,13:33,13:34,13:35,13:36,13:37,13:38,13:39,13:40,13:41,13:42,13:43,13:44,13:45,13:46,13:47,13:48,13:49,13:50,13:51,13:52,13:53,13:54,13:55,13:56,13:57,13:58,13:59,14:00,14:01,14:02,14:03,14:04,14:05,14:06,14:07,14:08,14:09,14:10,14:11,14:12,14:13,14:14,14:15,14:16,14:17,14:18,14:19,14:20,14:21,14:22,14:23,14:24,14:25,14:26,14:27,14:28,14:29,14:30,14:31,14:32,14:33,14:34,14:35,14:36,14:37,14:38,14:39,14:40,14:41,14:42,14:43,14:44,14:45,14:46,14:47,14:48,14:49,14:50,14:51,14:52,14:53,14:54,14:55,14:56,14:57,14:58,14:59,15:00,15:01,15:02,15:03,15:04,15:05,15:06,15:07,15:08,15:09,15:10,15:11,15:12,15:13,15:14,15:15,15:16,15:17,15:18,15:19,15:20,15:21,15:22,15:23,15:24,15:25,15:26,15:27,15:28,15:29,15:30,15:31,15:32,15:33,15:34,15:35,15:36,15:37,15:38,15:39,15:40,15:41,15:42,15:43,15:44,15:45,15:46,15:47,15:48,15:49,15:50,15:51,15:52,15:53,15:54,15:55,15:56,15:57,15:58,15:59,16:00,16:01,16:02,16:03,16:04,16:05,16:06,16:07,16:08,16:09,16:10,16:11,16:12,16:13,16:14,16:15,16:16,16:17,16:18,16:19,16:20,16:21,16:22,16:23,16:24,16:25,16:26,16:27,16:28,16:29,16:30,16:31,16:32,16:33,16:34,16:35,16:36,16:37,16:38,16:39,16:40,16:41,16:42,16:43,16:44,16:45,16:46,16:47,16:48,16:49,16:50,16:51,16:52,16:53,16:54,16:55,16:56,16:57,16:58,16:59,17:00,17:01,17:02,17:03,17:04,17:05,17:06,17:07,17:08,17:09,17:10,17:11,17:12,17:13,17:14,17:15,17:16,17:17,17:18,17:19,17:20,17:21,17:22,17:23,17:24,17:25,17:26,17:27,17:28,17:29,17:30,17:31,17:32,17:33,17:34,17:35,17:36,17:37,17:38,17:39,17:40,17:41,17:42,17:43,17:44,17:45,17:46,17:47,17:48,17:49,17:50,17:51,17:52,17:53,17:54,17:55,17:56,17:57,17:58,17:59,18:00,18:01,18:02,18:03,18:04,18:05,18:06,18:07,18:08,18:09,18:10,18:11,18:12,18:13,18:14,18:15,18:16,18:17,18:18,18:19,18:20,18:21,18:22,18:23,18:24,18:25,18:26,18:27,18:28,18:29,18:30,18:31,18:32,18:33,18:34,18:35,18:36,18:37,18:38,18:39,18:40,18:41,18:42,18:43,18:44,18:45,18:46,18:47,18:48,18:49,18:50,18:51,18:52,18:53,18:54,18:55,18:56,18:57,18:58,18:59,19:00,19:01,19:02,19:03,19:04,19:05,19:06,19:07,19:08,19:09,19:10,19:11,19:12,19:13,19:14,19:15,19:16,19:17,19:18,19:19,19:20,19:21,19:22,19:23,19:24,19:25,19:26,19:27,19:28,19:29,19:30,19:31,19:32,19:33,19:34,19:35,19:36,19:37,19:38,19:39,19:40,19:41,19:42,19:43,19:44,19:45,19:46,19:47,19:48,19:49,19:50,19:51,19:52,19:53,19:54,19:55,19:56,19:57,19:58,19:59,20:00,20:01,20:02,20:03,20:04,20:05,20:06,20:07,20:08,20:09,20:10,20:11,20:12,20:13,20:14,20:15,20:16,20:17,20:18,20:19,20:20,20:21,20:22,20:23,20:24,20:25,20:26,20:27,20:28,20:29,20:30,20:31,20:32,20:33,20:34,20:35,20:36,20:37,20:38,20:39,20:40,20:41,20:42,20:43,20:44,20:45,20:46,20:47,20:48,20:49,20:50,20:51,20:52,20:53,20:54,20:55,20:56,20:57,20:58,20:59,21:00,21:01,21:02,21:03,21:04,21:05,21:06,21:07,21:08,21:09,21:10,21:11,21:12,21:13,21:14,21:15,21:16,21:17,21:18,21:19,21:20,21:21,21:22,21:23,21:24,21:25,21:26,21:27,21:28,21:29,21:30,21:31,21:32,21:33,21:34,21:35,21:36,21:37,21:38,21:39,21:40,21:41,21:42,21:43,21:44,21:45,21:46,21:47,21:48,21:49,21:50,21:51,21:52,21:53,21:54,21:55,21:56,21:57,21:58,21:59,22:00,22:01,22:02,22:03,22:04,22:05,22:06,22:07,22:08,22:09,22:10,22:11,22:12,22:13,22:14,22:15,22:16,22:17,22:18,22:19,22:20,22:21,22:22,22:23,22:24,22:25,22:26,22:27,22:28,22:29,22:30,22:31,22:32,22:33,22:34,22:35,22:36,22:37,22:38,22:39,22:40,22:41,22:42,22:43,22:44,22:45,22:46,22:47,22:48,22:49,22:50,22:51,22:52,22:53,22:54,22:55,22:56,22:57,22:58,22:59,23:00,23:01,23:02,23:03,23:04,23:05,23:06,23:07,23:08,23:09,23:10,23:11,23:12,23:13,23:14,23:15,23:16,23:17,23:18,23:19,23:20,23:21,23:22,23:23,23:24,23:25,23:26,23:27,23:28,23:29,23:30,23:31,23:32,23:33,23:34,23:35,23:36,23:37,23:38,23:39,23:40,23:41,23:42,23:43,23:44,23:45,23:46,23:47,23:48,23:49,23:50,23:51,23:52,23:53,23:54,23:55,23:56,23:57,23:58,23:59
2020-10-19,ios,,,,,,,,,,,,,,,,,,,,,,,,,,,,,,,,,,,,,,,,,,,,,,,,,,,,,,,,,,,,,,,,,,,,,,,,,,,,,,,,,,,,,,,,,,,,,,,,,,,,,,,,,,,,,,,,,,,,,,,,,,,,,,,,,,,,,,,,,,,,,,,,,,,,,,,,,,,,,,,,,,,,,,,,,,,,,,,,,,,,,,,,,,,,,,,,,,,,,,,,,,,,,,,,,,,,,,,,,,,,,,,,,,,,,,,,,,,,,,,,,,,,,,,,,,,,,,,,,,,,,,,,,,,,,,,,,,,,,,,,,,,,,,,,,,,,,,,,,,,,,,,,,,,,,,,,,,,,,,,,,,,,,,,,,,,,,,,,,,,,,,,,,,,,,,,,,,,,,,,,,,,,,,,,,,,,,,,,,,,,,,,,,,,,,,,,,,,,,,,,,,,,,,,,,,,,,,,,,,,,,,,,,,,,,,,,,,,,,,,,,,,,,,,,,,,,,,,,,,,,,,,,,,,,,,,,,,,,,,,,,,,,,,,,,,,,,,,,,,,,,,,,,,,,,,,,,,,,,,,,,,,,,,,,,,,,,,,,,,,,,,,,,,,,,,,,,,,,,,,,,,,,,,,,,,,,,,,,,,,,,,,,,,,,,,,,,,,,,,,,,,,,,,,,,,,,,,,,,,,,,,,,,,,,,,,,,,,,,,,,,,,,,,,,,,,,,,,,,,,,,,,,,,,,,,,,,,,,,,,,,,,,,,,,,,,,,,,,,,,,,,,,,,,,,,,,,,,,,,,,,,,,,,,,,,,,,,,,,,,,,,,,,,,,,,,,,,,,,,,,,,,,,,,,,,,,,,,,,,,,,,,,,,,,,,,,,,,,,,,,,,,,,,,,,,,,,,,,,,,,,,,,,,,,,,,,,,,,,,,,,,,,,,,,,,,,,,,,,,,,,,,,,,,,,,,,,,,,,,,,,,,,,,,,,,,,,,,,,,,,,,,,,,,,,,,,,,,,,,,,,,,,,,,,,,,,,,,,,,,,,,,,,,,,,,,,,,,,,,,,,,,,,,,,,,,,,,,,,,,,,,,,,,,,,,,,,,,,,,,,,,,,,,,,,,,,,,,,,,,,,,,,,,,,,,,,,,,,,,,,,,,,,,,,,,,,,,,,,,,,,,,,,,,,,,,,,,,,,,,,,,,,,,,,,,,,,,,,,,,,,,,,,,,,,,,,,,,,,,,,,,,,,,,,,,,,,,,,,,,,,,,,,,,,,,,,,,,,,,,,,,,,,,,,,,,,,,,,,,,,,,,,,,,,,,,,,,,,,,,,,,,,,,,,,,,,,,,,,,,,,,,,,,,,,,,,,,,,,,,,,,,,,,,,,,,,,,,,,,,,,,,,,,,,,,,,,,,,,,,,,,,,,,,,,,,,,,,,,,,,,,,,,,,,,,,,,,,,,,,,,,,,,,,,,,,,,,,,,,,,,,,,,,,,,,,,,,,,,,,,,,,,,,,,,,,,,,,,,,,,,,,,,,,,,,,,,,,,,,,,,,,,,,,,,,,,,,,,,,,,,,,,,,,,,,,,,,,,,,,,8107.0
2020-10-20,ios,,,,,,,,,,,,,,,,,,,,,,,,,,,,,,,,,,,,,,,,,,,,,,,,,,,,,,,,,,,,,,,,,,,,,,,,,,,,,,,,,,,,,,,,,,,,,,,,,,,,,,,,,,,,,,,,,,,,,,,,,,,,,,,,,,,,,,,,,,,,,,,,,,,,,,,,,,,,,,,,,,,,,,,,,,,,,,,,,,,,,,,,,,,,,,,,,,,,,,,,,,,,,,,,,,,,,,,,,,,,,,,,,,,,,,,,,,,,,,,,,,,,,,,,,,,,,,,,,,,,,,,,,,,,,,,,,,,,,,,,,,,,,,,,,,,,,,,,,,,,,,,,,,,,,,,,,,,,,,,,,,,,,,,,,,,,,,,,,,,,,,,,,,,,,,,,,,,,,,,,,,,,,,,,,,,,,,,,,,,,,,,,,,,,,,,,,,,,,,,,,,,,,,,,,,,,,,,,,,,,,,,,,,,,,,,,,,,,,,,,,,,,,,,,,,,,,,,,,,,,,,,,,,,,,,,,,,,,,,,,,,,,,,,,,,,,,,,,,,,,,,,,,,,,,,,,,,,,,,,,,,,,,,,,,,,,,,,,,,,,,,,,,,,,,,,,,,,,,,,,,,,,,,,,,,,,,,,,,,,,,,,,,,,,,,,,,,,,,,,,,,,,,,,,,,,,,,,,,,,,,,,,,,,,,,,,,,,,,,,,,,,,,,,,,,,,,,,,,,,,,,,,,,,,,,,,,,,,,,,,,,,,,,,,,,,,,,,,,,,,,,,,,,,,,,,,,,,,,,,,,,,,,,,,,,,,,,,,,,,,,,,,,,,,,,,,,,,,,,,,,,,,,,,,,,,,,,,,,,,,,,,,,,,,,,,,,,,,,,,,,,,,,,,,,,,,,,,,,,,,,,,,,,,,,,,,,,,,,,,,,,,,,,,,,,,,,,,,,,,,,,,,,,,,,,,,,,,,,,,,,,,,,,,,,,,,,,,,,,,,,,,,,,,,,,,,,,,,,,,,,,,,,,,,,,,,,,,,,,,,,,,,,,,,,,,,,,,,,,,,,,,,,,,,,,,,,,,,,,,,,,,,,,,,,,,,,,,,,,,,,,,,,,,,,,,,,,,,,,,,,,,,,,,,,,,,,,,,,,,,,,,,,,,,,,,,,,,,,,,,,,,,,,,,,,,,,,,,,,,,,,,,,,,,,,,,,,,,,,,,,,,,,,,,,,,,,,,,,,,,,,,,,,,,,,,,,,,,,,,,,,,,,,,,,,,,,,,,,,,,,,,,,,,,,,,,,,,,,,,,,,,,,,,,,,,,,,,,,,,,,,,,,,,,,,,,,,,,,,,,,,,,,,,,,,,,,,,,,,,,,,,,,,,,,,,,,,,,,,,,,,,,,,,,,,,,,,,,,,,,,,,,,,,,,,,,,,,,,,,,,,,,,,,,,,,,,,,,,,,,,,,,,,,,,,,,,,,,,,,,,,,,,,,,,,,,,,,,,,,,,,,,,,,,,,,,,,,,,,,,,,,,,,,,,,,,,,,,,,,,,,,,,,,,,,,,,,,,,,,,,,,,,,,,,,,,,,,,,,,,4402.0
2020-10-21,ios,,,,,,,,,,,,,,,,,,,,,,,,,,,,,,,,,,,,,,,,,,,,,,,,,,,,,,,,,,,,,,,,,,,,,,,,,,,,,,,,,,,,,,,,,,,,,,,,,,,,,,,,,,,,,,,,,,,,,,,,,,,,,,,,,,,,,,,,,,,,,,,,,,,,,,,,,,,,,,,,,,,,,,,,,,,,,,,,,,,,,,,,,,,,,,,,,,,,,,,,,,,,,,,,,,,,,,,,,,,,,,,,,,,,,,,,,,,,,,,,,,,,,,,,,,,,,,,,,,,,,,,,,,,,,,,,,,,,,,,,,,,,,,,,,,,,,,,,,,,,,,,,,,,,,,,,,,,,,,,,,,,,,,,,,,,,,,,,,,,,,,,,,,,,,,,,,,,,,,,,,,,,,,,,,,,,,,,,,,,,,,,,,,,,,,,,,,,,,,,,,,,,,,,,,,,,,,,,,,,,,,,,,,,,,,,,,,,,,,,,,,,,,,,,,,,,,,,,,,,,,,,,,,,,,,,,,,,,,,,,,,,,,,,,,,,,,,,,,,,,,,,,,,,,,,,,,,,,,,,,,,,,,,,,,,,,,,,,,,,,,,,,,,,,,,,,,,,,,,,,,,,,,,,,,,,,,,,,,,,,,,,,,,,,,,,,,,,,,,,,,,,,,,,,,,,,,,,,,,,,,,,,,,,,,,,,,,,,,,,,,,,,,,,,,,,,,,,,,,,,,,,,,,,,,,,,,,,,,,,,,,,,,,,,,,,,,,,,,,,,,,,,,,,,,,,,,,,,,,,,,,,,,,,,,,,,,,,,,,,,,,,,,,,,,,,,,,,,,,,,,,,,,,,,,,,,,,,,,,,,,,,,,,,,,,,,,,,,,,,,,,,,,,,,,,,,,,,,,,,,,,,,,,,,,,,,,,,,,,,,,,,,,,,,,,,,,,,,,,,,,,,,,,,,,,,,,,,,,,,,,,,,,,,,,,,,,,,,,,,,,,,,,,,,,,,,,,,,,,,,,,,,,,,,,,,,,,,,,,,,,,,,,,,,,,,,,,,,,,,,,,,,,,,,,,,,,,,,,,,,,,,,,,,,,,,,,,,,,,,,,,,,,,,,,,,,,,,,,,,,,,,,,,,,,,,,,,,,,,,,,,,,,,,,,,,,,,,,,,,,,,,,,,,,,,,,,,,,,,,,,,,,,,,,,,,,,,,,,,,,,,,,,,,,,,,,,,,,,,,,,,,,,,,,,,,,,,,,,,,,,,,,,,,,,,,,,,,,,,,,,,,,,,,,,,,,,,,,,,,,,,,,,,,,,,,,,,,,,,,,,,,,,,,,,,,,,,,,,,,,,,,,,,,,,,,,,,,,,,,,,,,,,,,,,,,,,,,,,,,,,,,,,,,,,,,,,,,,,,,,,,,,,,,,,,,,,,,,,,,,,,,,,,,,,,,,,,,,,,,,,,,,,,,,,,,,,,,,,,,,,,,,,,,,,,,,,,,,,,,,,,,,,,,,,,,,,,,,,,,,,,,,,,,,,,,,,,,,,,,,,,,,,,,,,,,,,,,,,,,,,,,,,,,,,,,,,,,,,,,,7474.0
2020-10-22,ios,,,,,,,,,,,,,,,,,,,,,,,,,,,,,,,,,,,,,,,,,,,,,,,,,,,,,,,,,,,,,,,,,,,,,,,,,,,,,,,,,,,,,,,,,,,,,,,,,,,,,,,,,,,,,,,,,,,,,,,,,,,,,,,,,,,,,,,,,,,,,,,,,,,,,,,,,,,,,,,,,,,,,,,,,,,,,,,,,,,,,,,,,,,,,,,,,,,,,,,,,,,,,,,,,,,,,,,,,,,,,,,,,,,,,,,,,,,,,,,,,,,,,,,,,,,,,,,,,,,,,,,,,,,,,,,,,,,,,,,,,,,,,,,,,,,,,,,,,,,,,,,,,,,,,,,,,,,,,,,,,,,,,,,,,,,,,,,,,,,,,,,,,,,,,,,,,,,,,,,,,,,,,,,,,,,,,,,,,,,,,,,,,,,,,,,,,,,,,,,,,,,,,,,,,,,,,,,,,,,,,,,,,,,,,,,,,,,,,,,,,,,,,,,,,,,,,,,,,,,,,,,,,,,,,,,,,,,,,,,,,,,,,,,,,,,,,,,,,,,,,,,,,,,,,,,,,,,,,,,,,,,,,,,,,,,,,,,,,,,,,,,,,,,,,,,,,,,,,,,,,,,,,,,,,,,,,,,,,,,,,,,,,,,,,,,,,,,,,,,,,,,,,,,,,,,,,,,,,,,,,,,,,,,,,,,,,,,,,,,,,,,,,,,,,,,,,,,,,,,,,,,,,,,,,,,,,,,,,,,,,,,,,,,,,,,,,,,,,,,,,,,,,,,,,,,,,,,,,,,,,,,,,,,,,,,,,,,,,,,,,,,,,,,,,,,,,,,,,,,,,,,,,,,,,,,,,,,,,,,,,,,,,,,,,,,,,,,,,,,,,,,,,,,,,,,,,,,,,,,,,,,,,,,,,,,,,,,,,,,,,,,,,,,,,,,,,,,,,,,,,,,,,,,,,,,,,,,,,,,,,,,,,,,,,,,,,,,,,,,,,,,,,,,,,,,,,,,,,,,,,,,,,,,,,,,,,,,,,,,,,,,,,,,,,,,,,,,,,,,,,,,,,,,,,,,,,,,,,,,,,,,,,,,,,,,,,,,,,,,,,,,,,,,,,,,,,,,,,,,,,,,,,,,,,,,,,,,,,,,,,,,,,,,,,,,,,,,,,,,,,,,,,,,,,,,,,,,,,,,,,,,,,,,,,,,,,,,,,,,,,,,,,,,,,,,,,,,,,,,,,,,,,,,,,,,,,,,,,,,,,,,,,,,,,,,,,,,,,,,,,,,,,,,,,,,,,,,,,,,,,,,,,,,,,,,,,,,,,,,,,,,,,,,,,,,,,,,,,,,,,,,,,,,,,,,,,,,,,,,,,,,,,,,,,,,,,,,,,,,,,,,,,,,,,,,,,,,,,,,,,,,,,,,,,,,,,,,,,,,,,,,,,,,,,,,,,,,,,,,,,,,,,,,,,,,,,,,,,,,,,,,,,,,,,,,,,,,,,,,,,,,,,,,,,,,,,,,,,,,,,,,,,,,,,,,,,,,,,,,,,,,,,,,,,,,,,,,,,,,,,,,,,,,,,,,,,,,,,,,,8018.0
2020-10-23,ios,,,,,,,,,,,,,,,,,,,,,,,,,,,,,,,,,,,,,,,,,,,,,,,,,,,,,,,,,,,,,,,,,,,,,,,,,,,,,,,,,,,,,,,,,,,,,,,,,,,,,,,,,,,,,,,,,,,,,,,,,,,,,,,,,,,,,,,,,,,,,,,,,,,,,,,,,,,,,,,,,,,,,,,,,,,,,,,,,,,,,,,,,,,,,,,,,,,,,,,,,,,,,,,,,,,,,,,,,,,,,,,,,,,,,,,,,,,,,,,,,,,,,,,,,,,,,,,,,,,,,,,,,,,,,,,,,,,,,,,,,,,,,,,,,,,,,,,,,,,,,,,,,,,,,,,,,,,,,,,,,,,,,,,,,,,,,,,,,,,,,,,,,,,,,,,,,,,,,,,,,,,,,,,,,,,,,,,,,,,,,,,,,,,,,,,,,,,,,,,,,,,,,,,,,,,,,,,,,,,,,,,,,,,,,,,,,,,,,,,,,,,,,,,,,,,,,,,,,,,,,,,,,,,,,,,,,,,,,,,,,,,,,,,,,,,,,,,,,,,,,,,,,,,,,,,,,,,,,,,,,,,,,,,,,,,,,,,,,,,,,,,,,,,,,,,,,,,,,,,,,,,,,,,,,,,,,,,,,,,,,,,,,,,,,,,,,,,,,,,,,,,,,,,,,,,,,,,,,,,,,,,,,,,,,,,,,,,,,,,,,,,,,,,,,,,,,,,,,,,,,,,,,,,,,,,,,,,,,,,,,,,,,,,,,,,,,,,,,,,,,,,,,,,,,,,,,,,,,,,,,,,,,,,,,,,,,,,,,,,,,,,,,,,,,,,,,,,,,,,,,,,,,,,,,,,,,,,,,,,,,,,,,,,,,,,,,,,,,,,,,,,,,,,,,,,,,,,,,,,,,,,,,,,,,,,,,,,,,,,,,,,,,,,,,,,,,,,,,,,,,,,,,,,,,,,,,,,,,,,,,,,,,,,,,,,,,,,,,,,,,,,,,,,,,,,,,,,,,,,,,,,,,,,,,,,,,,,,,,,,,,,,,,,,,,,,,,,,,,,,,,,,,,,,,,,,,,,,,,,,,,,,,,,,,,,,,,,,,,,,,,,,,,,,,,,,,,,,,,,,,,,,,,,,,,,,,,,,,,,,,,,,,,,,,,,,,,,,,,,,,,,,,,,,,,,,,,,,,,,,,,,,,,,,,,,,,,,,,,,,,,,,,,,,,,,,,,,,,,,,,,,,,,,,,,,,,,,,,,,,,,,,,,,,,,,,,,,,,,,,,,,,,,,,,,,,,,,,,,,,,,,,,,,,,,,,,,,,,,,,,,,,,,,,,,,,,,,,,,,,,,,,,,,,,,,,,,,,,,,,,,,,,,,,,,,,,,,,,,,,,,,,,,,,,,,,,,,,,,,,,,,,,,,,,,,,,,,,,,,,,,,,,,,,,,,,,,,,,,,,,,,,,,,,,,,,,,,,,,,,,,,,,,,,,,,,,,,,,,,,,,,,,,,,,,,,,,,,,,,,,,,,,,,,,,,,,,,,,,,,,,,,,,,,,,,,,,,,,,,,,,,,,,,,,,,,,,,,,,,,8761.0
2020-10-24,ios,,,,,,,,,,,,,,,,,,,,,,,,,,,,,,,,,,,,,,,,,,,,,,,,,,,,,,,,,,,,,,,,,,,,,,,,,,,,,,,,,,,,,,,,,,,,,,,,,,,,,,,,,,,,,,,,,,,,,,,,,,,,,,,,,,,,,,,,,,,,,,,,,,,,,,,,,,,,,,,,,,,,,,,,,,,,,,,,,,,,,,,,,,,,,,,,,,,,,,,,,,,,,,,,,,,,,,,,,,,,,,,,,,,,,,,,,,,,,,,,,,,,,,,,,,,,,,,,,,,,,,,,,,,,,,,,,,,,,,,,,,,,,,,,,,,,,,,,,,,,,,,,,,,,,,,,,,,,,,,,,,,,,,,,,,,,,,,,,,,,,,,,,,,,,,,,,,,,,,,,,,,,,,,,,,,,,,,,,,,,,,,,,,,,,,,,,,,,,,,,,,,,,,,,,,,,,,,,,,,,,,,,,,,,,,,,,,,,,,,,,,,,,,,,,,,,,,,,,,,,,,,,,,,,,,,,,,,,,,,,,,,,,,,,,,,,,,,,,,,,,,,,,,,,,,,,,,,,,,,,,,,,,,,,,,,,,,,,,,,,,,,,,,,,,,,,,,,,,,,,,,,,,,,,,,,,,,,,,,,,,,,,,,,,,,,,,,,,,,,,,,,,,,,,,,,,,,,,,,,,,,,,,,,,,,,,,,,,,,,,,,,,,,,,,,,,,,,,,,,,,,,,,,,,,,,,,,,,,,,,,,,,,,,,,,,,,,,,,,,,,,,,,,,,,,,,,,,,,,,,,,,,,,,,,,,,,,,,,,,,,,,,,,,,,,,,,,,,,,,,,,,,,,,,,,,,,,,,,,,,,,,,,,,,,,,,,,,,,,,,,,,,,,,,,,,,,,,,,,,,,,,,,,,,,,,,,,,,,,,,,,,,,,,,,,,,,,,,,,,,,,,,,,,,,,,,,,,,,,,,,,,,,,,,,,,,,,,,,,,,,,,,,,,,,,,,,,,,,,,,,,,,,,,,,,,,,,,,,,,,,,,,,,,,,,,,,,,,,,,,,,,,,,,,,,,,,,,,,,,,,,,,,,,,,,,,,,,,,,,,,,,,,,,,,,,,,,,,,,,,,,,,,,,,,,,,,,,,,,,,,,,,,,,,,,,,,,,,,,,,,,,,,,,,,,,,,,,,,,,,,,,,,,,,,,,,,,,,,,,,,,,,,,,,,,,,,,,,,,,,,,,,,,,,,,,,,,,,,,,,,,,,,,,,,,,,,,,,,,,,,,,,,,,,,,,,,,,,,,,,,,,,,,,,,,,,,,,,,,,,,,,,,,,,,,,,,,,,,,,,,,,,,,,,,,,,,,,,,,,,,,,,,,,,,,,,,,,,,,,,,,,,,,,,,,,,,,,,,,,,,,,,,,,,,,,,,,,,,,,,,,,,,,,,,,,,,,,,,,,,,,,,,,,,,,,,,,,,,,,,,,,,,,,,,,,,,,,,,,,,,,,,,,,,,,,,,,,,,,,,,,,,,,,,,,,,,,,,,,,,,,,,,,,,,,,,,,,,,,,,,,,,,,,,,,,,,,,,,,,,5711.0
2020-10-25,ios,,,,,,,,,,,,,,,,,,,,,,,,,,,,,,,,,,,,,,,,,,,,,,,,,,,,,,,,,,,,,,,,,,,,,,,,,,,,,,,,,,,,,,,,,,,,,,,,,,,,,,,,,,,,,,,,,,,,,,,,,,,,,,,,,,,,,,,,,,,,,,,,,,,,,,,,,,,,,,,,,,,,,,,,,,,,,,,,,,,,,,,,,,,,,,,,,,,,,,,,,,,,,,,,,,,,,,,,,,,,,,,,,,,,,,,,,,,,,,,,,,,,,,,,,,,,,,,,,,,,,,,,,,,,,,,,,,,,,,,,,,,,,,,,,,,,,,,,,,,,,,,,,,,,,,,,,,,,,,,,,,,,,,,,,,,,,,,,,,,,,,,,,,,,,,,,,,,,,,,,,,,,,,,,,,,,,,,,,,,,,,,,,,,,,,,,,,,,,,,,,,,,,,,,,,,,,,,,,,,,,,,,,,,,,,,,,,,,,,,,,,,,,,,,,,,,,,,,,,,,,,,,,,,,,,,,,,,,,,,,,,,,,,,,,,,,,,,,,,,,,,,,,,,,,,,,,,,,,,,,,,,,,,,,,,,,,,,,,,,,,,,,,,,,,,,,,,,,,,,,,,,,,,,,,,,,,,,,,,,,,,,,,,,,,,,,,,,,,,,,,,,,,,,,,,,,,,,,,,,,,,,,,,,,,,,,,,,,,,,,,,,,,,,,,,,,,,,,,,,,,,,,,,,,,,,,,,,,,,,,,,,,,,,,,,,,,,,,,,,,,,,,,,,,,,,,,,,,,,,,,,,,,,,,,,,,,,,,,,,,,,,,,,,,,,,,,,,,,,,,,,,,,,,,,,,,,,,,,,,,,,,,,,,,,,,,,,,,,,,,,,,,,,,,,,,,,,,,,,,,,,,,,,,,,,,,,,,,,,,,,,,,,,,,,,,,,,,,,,,,,,,,,,,,,,,,,,,,,,,,,,,,,,,,,,,,,,,,,,,,,,,,,,,,,,,,,,,,,,,,,,,,,,,,,,,,,,,,,,,,,,,,,,,,,,,,,,,,,,,,,,,,,,,,,,,,,,,,,,,,,,,,,,,,,,,,,,,,,,,,,,,,,,,,,,,,,,,,,,,,,,,,,,,,,,,,,,,,,,,,,,,,,,,,,,,,,,,,,,,,,,,,,,,,,,,,,,,,,,,,,,,,,,,,,,,,,,,,,,,,,,,,,,,,,,,,,,,,,,,,,,,,,,,,,,,,,,,,,,,,,,,,,,,,,,,,,,,,,,,,,,,,,,,,,,,,,,,,,,,,,,,,,,,,,,,,,,,,,,,,,,,,,,,,,,,,,,,,,,,,,,,,,,,,,,,,,,,,,,,,,,,,,,,,,,,,,,,,,,,,,,,,,,,,,,,,,,,,,,,,,,,,,,,,,,,,,,,,,,,,,,,,,,,,,,,,,,,,,,,,,,,,,,,,,,,,,,,,,,,,,,,,,,,,,,,,,,,,,,,,,,,,,,,,,,,,,,,,,,,,,,,,,,,,,,,,,,,,,,,,,,,,,,,,,,,,,,,,,,,,,,,,,,,,,,,,,,,,,,,,8123.0
2020-10-26,ios,,,,,,,,,,,,,,,,,,,,,,,,,,,,,,,,,,,,,,,,,,,,,,,,,,,,,,,,,,,,,,,,,,,,,,,,,,,,,,,,,,,,,,,,,,,,,,,,,,,,,,,,,,,,,,,,,,,,,,,,,,,,,,,,,,,,,,,,,,,,,,,,,,,,,,,,,,,,,,,,,,,,,,,,,,,,,,,,,,,,,,,,,,,,,,,,,,,,,,,,,,,,,,,,,,,,,,,,,,,,,,,,,,,,,,,,,,,,,,,,,,,,,,,,,,,,,,,,,,,,,,,,,,,,,,,,,,,,,,,,,,,,,,,,,,,,,,,,,,,,,,,,,,,,,,,,,,,,,,,,,,,,,,,,,,,,,,,,,,,,,,,,,,,,,,,,,,,,,,,,,,,,,,,,,,,,,,,,,,,,,,,,,,,,,,,,,,,,,,,,,,,,,,,,,,,,,,,,,,,,,,,,,,,,,,,,,,,,,,,,,,,,,,,,,,,,,,,,,,,,,,,,,,,,,,,,,,,,,,,,,,,,,,,,,,,,,,,,,,,,,,,,,,,,,,,,,,,,,,,,,,,,,,,,,,,,,,,,,,,,,,,,,,,,,,,,,,,,,,,,,,,,,,,,,,,,,,,,,,,,,,42.0,141.0,205.0,205.0,205.0,205.0,,205.0,205.0,221.0,281.0,312.0,341.0,341.0,341.0,340.0,341.0,341.0,341.0,340.0,341.0,341.0,341.0,341.0,341.0,341.0,341.0,341.0,341.0,341.0,341.0,341.0,341.0,341.0,341.0,341.0,341.0,341.0,341.0,341.0,341.0,341.0,351.0,351.0,351.0,351.0,351.0,351.0,351.0,351.0,351.0,351.0,351.0,,350.0,351.0,351.0,351.0,351.0,351.0,351.0,351.0,351.0,351.0,351.0,351.0,351.0,351.0,351.0,351.0,351.0,351.0,351.0,372.0,419.0,440.0,454.0,512.0,551.0,615.0,636.0,656.0,665.0,680.0,,759.0,758.0,759.0,759.0,759.0,759.0,759.0,759.0,,,759.0,759.0,759.0,759.0,759.0,759.0,759.0,759.0,759.0,759.0,759.0,759.0,759.0,759.0,759.0,759.0,759.0,759.0,759.0,759.0,779.0,856.0,883.0,891.0,917.0,933.0,961.0,975.0,996.0,996.0,996.0,1000.0,1014.0,1014.0,1068.0,,1288.0,1393.0,1441.0,1449.0,1491.0,1491.0,1491.0,1491.0,1491.0,1491.0,1491.0,1491.0,1491.0,1491.0,1491.0,,1554.0,1602.0,1699.0,1795.0,1893.0,1990.0,,2111.0,2153.0,2153.0,2153.0,2153.0,2153.0,2153.0,2153.0,2153.0,2153.0,2153.0,2153.0,2153.0,2153.0,2153.0,2153.0,2153.0,2153.0,2153.0,2153.0,2153.0,2153.0,2153.0,2153.0,2153.0,2190.0,2212.0,2212.0,2215.0,,2230.0,2230.0,2230.0,2230.0,,2230.0,2230.0,2230.0,2230.0,2230.0,2285.0,2286.0,2286.0,2318.0,2381.0,2419.0,2433.0,2446.0,2446.0,,2446.0,2446.0,2446.0,2446.0,2446.0,2446.0,2446.0,2446.0,2446.0,2446.0,2457.0,2481.0,2481.0,2481.0,2481.0,2481.0,2481.0,2481.0,2481.0,,2533.0,2554.0,2554.0,2554.0,2554.0,,2554.0,2554.0,2590.0,,2590.0,2590.0,2590.0,2590.0,2590.0,2590.0,2590.0,2602.0,2602.0,2601.0,2602.0,2602.0,2602.0,2602.0,2602.0,2602.0,2602.0,2616.0,2647.0,2647.0,2647.0,2659.0,2659.0,2659.0,,2659.0,2659.0,2659.0,2659.0,2659.0,2659.0,,2659.0,2659.0,2659.0,2659.0,2659.0,2659.0,2659.0,2659.0,2659.0,2659.0,2659.0,2659.0,2659.0,2659.0,2659.0,2659.0,2659.0,2659.0,2659.0,2659.0,2659.0,,2725.0,2725.0,2725.0,2725.0,2725.0,2725.0,2725.0,2725.0,2725.0,2725.0,2725.0,2725.0,2725.0,2725.0,2725.0,2725.0,2725.0,2725.0,2725.0,2725.0,2725.0,2725.0,2725.0,2725.0,2725.0,2725.0,2725.0,,2744.0,2752.0,2776.0,2776.0,2784.0,2800.0,,2840.0,,2923.0,2958.0,2957.0,,2958.0,2958.0,2958.0,2999.0,3033.0,3041.0,3057.0,3057.0,3057.0,3057.0,3057.0,3065.0,3073.0,3087.0,3112.0,3124.0,,3124.0,3150.0,3150.0,3150.0,3150.0,3150.0,,3164.0,3164.0,3164.0,3164.0,3164.0,3164.0,3164.0,3164.0,3193.0,3227.0,3233.0,3233.0,,3287.0,3287.0,3297.0,3297.0,3297.0,3297.0,3301.0,,3301.0,3301.0,3301.0,,3384.0,3435.0,3435.0,3543.0,3671.0,3771.0,3867.0,3985.0,4105.0,4213.0,4248.0,4254.0,4254.0,4254.0,4254.0,4254.0,4254.0,4254.0,4254.0,4254.0,4254.0,4254.0,4254.0,4254.0,4254.0,4254.0,4254.0,4254.0,4266.0,4271.0,4271.0,4291.0,4292.0,,4292.0,4292.0,,,4293.0,4293.0,,4293.0,4293.0,4293.0,,4293.0,4293.0,4293.0,,4293.0,4293.0,4293.0,4293.0,4293.0,4292.0,4293.0,4293.0,4293.0,4293.0,4293.0,4293.0,4293.0,4293.0,4293.0,4293.0,4293.0,4293.0,4293.0,4293.0,4293.0,4293.0,4293.0,4293.0,4293.0,4293.0,4293.0,4293.0,4293.0,4293.0,4293.0,4293.0,4293.0,4293.0,4293.0,4293.0,4293.0,4346.0,4439.0,4439.0,4491.0,4590.0,4675.0,4733.0,4774.0,4779.0,4889.0,4994.0,5095.0,5194.0,5241.0,5276.0,5277.0,5277.0,5277.0,,5276.0,5277.0,5277.0,5277.0,5277.0,,5277.0,5277.0,5277.0,5277.0,5277.0,5277.0,5277.0,5277.0,5277.0,5277.0,5277.0,5287.0,5333.0,5407.0,5491.0,5599.0,5705.0,5814.0,5923.0,6031.0,6139.0,6238.0,6341.0,6421.0,6455.0,6472.0,6507.0,6609.0,6719.0,6826.0,6935.0,7043.0,7152.0,7262.0,7370.0,7451.0,7476.0,7563.0,7630.0,7718.0,7823.0,7898.0,7898.0,7898.0,7898.0,7898.0,7898.0,7898.0,7898.0,7898.0,7957.0,8047.0,8150.0,8256.0,8357.0,8450.0,8450.0,8511.0,8513.0,8513.0,8513.0,8513.0,8513.0,8513.0,8513.0,8513.0,8513.0,8513.0,8513.0,8513.0,8513.0,8513.0,8513.0,8587.0,8625.0,8625.0,8633.0,8633.0,8633.0,8675.0,8721.0,8789.0,8789.0,8789.0,8789.0,8789.0,8789.0,8789.0,8789.0,8788.0,8789.0,8789.0,8789.0,8789.0,8789.0,8789.0,8789.0,8789.0,8789.0,8789.0,8789.0,8789.0,8789.0,8789.0,8789.0,8789.0,8789.0,8789.0,8789.0,8789.0,8789.0,8789.0,8789.0,8789.0,8789.0,8789.0,8789.0,8789.0,8789.0,8789.0,8789.0,8789.0,8789.0,8789.0,8789.0,8789.0,8789.0,8789.0,8789.0,8789.0,8789.0,8789.0,8789.0,8789.0,8789.0,8789.0,8789.0,8789.0,8789.0,8789.0,8789.0,8789.0,8789.0,8789.0,8819.0,8899.0,8915.0,8915.0,8915.0,8915.0,8978.0,9028.0,9028.0,9028.0,9028.0,9027.0,9027.0,9028.0,9028.0,9028.0,9028.0,9028.0,9028.0,9028.0,9028.0,9028.0,9027.0,9028.0,9028.0,9028.0,9028.0,9028.0,9028.0,9028.0,9028.0,9028.0,9028.0,9028.0,9028.0,9028.0,9028.0,9028.0,9028.0,9028.0,9028.0,9028.0,9028.0,9028.0,9028.0,9028.0,9028.0,9028.0,9028.0,9028.0,9028.0,9028.0,9028.0,9028.0,9028.0,9028.0,9028.0,9028.0,,,,,,,,,,,,,,,,,,,,,,,,,,,,,,,,,,,,,,,,,,,,,,,,,,,,,,,,,,,,,,,,,,,,,,,,,,,,,,,,,,,,,,,,,,,,,,,,,,,,,,,,,,,,,,,,,,,,,,,,,,,,,,,,,,,,,,,,,,,,,,,,,,,,,,,,,,,,,,,,,,,,,,,,
2020-10-27,ios,,,,,,,,,,,,,,,,,,,,,,,,,,,,,,,,,,,,,,,,,,,,,,,,,,,,,,,,,,,,,,,,,,,,,,,,,,,,,,,,,,,,,,,,,,,,,,,,,,,,,,,,,,,,,,,,,,,,,,,,,,,,,,,,,,,,,,,,,,,,,,,,,,,,,,,,,,,,,,,,,,,,,,,,,,,,,,,,,,,,,,,,,,,,,,,,,,,,,,,,,,,,,,,,,,,,,,,,,,,,,,,,,,,,,,,,,,,,,,,,,,,,,,,,,,,,,,,,,,,,,,,,,,,,,,,,,,,,,,,,,,,,,,,,,,,,,,,,,,,,,,,,,,,,,,,,,,,,,,,,,,,,,,,,,,,,,,,,,,,,,,,,,,,,,,,,,,,,,,,,,,,,,,,,,,,,,,,,,,,,,,,,,,,,,,,,,,,,,,,,,,,,,,,,,,,,,,,,,,,,,,,,,,,,,,,,,,,,,,,,,,,,,,,,,,,,,,,,,,,,,,,,,,,,,,,,,,,,,,,,,,,,,,,,,,,,,,,,,,,,,,,,,,,,,,,,,,,,,,,,,,,,,,,,71.0,182.0,290.0,372.0,408.0,428.0,509.0,615.0,715.0,821.0,926.0,1033.0,1146.0,1227.0,,1275.0,1274.0,1275.0,1275.0,1275.0,1275.0,1275.0,1275.0,1275.0,1275.0,1275.0,1275.0,1275.0,1275.0,1275.0,1275.0,1275.0,1275.0,1275.0,1275.0,1275.0,1275.0,1275.0,1275.0,1275.0,1275.0,1275.0,1275.0,1275.0,1275.0,1275.0,1275.0,1275.0,1275.0,1286.0,1286.0,,1286.0,1286.0,1286.0,,,1286.0,1286.0,1286.0,1286.0,1286.0,1286.0,1286.0,1286.0,1286.0,1286.0,,1285.0,1286.0,1286.0,1286.0,1286.0,1286.0,1286.0,1286.0,1286.0,1286.0,1286.0,1286.0,1286.0,1286.0,1286.0,,1286.0,1286.0,1286.0,1286.0,1286.0,1286.0,1286.0,1286.0,1286.0,1286.0,1286.0,1286.0,1286.0,1286.0,1286.0,1286.0,1286.0,1286.0,1286.0,1286.0,1286.0,1286.0,1286.0,1286.0,1286.0,1286.0,1286.0,1286.0,1286.0,1286.0,1286.0,1286.0,1286.0,1286.0,1286.0,1290.0,1290.0,1290.0,1290.0,1290.0,1290.0,1290.0,1290.0,1290.0,1290.0,1290.0,1290.0,1290.0,1290.0,,1290.0,1290.0,1290.0,1290.0,1290.0,1290.0,1290.0,1290.0,1290.0,1290.0,1290.0,1290.0,1290.0,1290.0,1290.0,1290.0,1290.0,1290.0,1290.0,1290.0,1290.0,1290.0,1290.0,1290.0,1290.0,1290.0,1290.0,1290.0,,1290.0,1289.0,,1290.0,1290.0,1290.0,1290.0,1290.0,1290.0,1290.0,1290.0,1290.0,1290.0,1289.0,,1290.0,1290.0,,1290.0,1290.0,1290.0,1290.0,1290.0,1290.0,1290.0,1290.0,1290.0,,1290.0,1290.0,1290.0,1290.0,1290.0,1290.0,1290.0,1290.0,1290.0,1290.0,1290.0,1290.0,1290.0,1289.0,,1290.0,,,,1290.0,1290.0,1290.0,1290.0,1290.0,1290.0,1290.0,1290.0,1290.0,1290.0,1290.0,1290.0,1290.0,1290.0,1290.0,1290.0,1290.0,1290.0,1290.0,1290.0,,1290.0,1290.0,,1290.0,1290.0,1290.0,1290.0,1290.0,1290.0,1290.0,1290.0,1290.0,1290.0,1290.0,1290.0,1290.0,1290.0,1290.0,1290.0,1290.0,1290.0,1290.0,1290.0,1290.0,1290.0,1290.0,1290.0,1290.0,1290.0,1290.0,1290.0,1290.0,1290.0,1290.0,1290.0,1290.0,1290.0,1290.0,1290.0,1290.0,1290.0,1290.0,1290.0,1290.0,1290.0,1290.0,1290.0,1290.0,1290.0,1290.0,1290.0,1290.0,1290.0,1290.0,1290.0,1290.0,1290.0,1290.0,1290.0,1290.0,1290.0,1290.0,1290.0,1290.0,1290.0,1290.0,1290.0,1290.0,1290.0,1290.0,1290.0,1290.0,1290.0,1290.0,1290.0,1290.0,1290.0,1290.0,1290.0,1290.0,1290.0,1290.0,1290.0,1290.0,1290.0,1290.0,1290.0,1290.0,1290.0,1290.0,1290.0,1290.0,1290.0,1290.0,1290.0,1290.0,1290.0,1290.0,1290.0,1290.0,1290.0,1290.0,1290.0,1290.0,1290.0,1290.0,1290.0,1290.0,1290.0,1289.0,,1290.0,1290.0,1290.0,1290.0,1290.0,1290.0,1290.0,1290.0,1290.0,1290.0,1290.0,1290.0,1290.0,1290.0,1290.0,1290.0,1290.0,1290.0,1290.0,1290.0,1290.0,1290.0,1290.0,1290.0,1290.0,1290.0,1290.0,1290.0,1290.0,1290.0,1290.0,1290.0,1290.0,1290.0,1290.0,1290.0,1290.0,1290.0,1290.0,1290.0,1290.0,1290.0,1290.0,1290.0,1290.0,1290.0,1290.0,1290.0,1290.0,1290.0,1290.0,1290.0,1290.0,1290.0,1290.0,1358.0,1363.0,1438.0,1491.0,1616.0,1641.0,1666.0,1666.0,1684.0,1716.0,1730.0,1730.0,1730.0,1730.0,1730.0,1730.0,1730.0,1741.0,1741.0,1741.0,,1740.0,1741.0,1741.0,1741.0,1741.0,1741.0,1741.0,,,1741.0,1741.0,1741.0,1741.0,1741.0,1741.0,1741.0,1741.0,1741.0,1741.0,1741.0,1741.0,1741.0,1741.0,1741.0,1741.0,1741.0,1741.0,1741.0,1741.0,1741.0,1741.0,1741.0,1741.0,1741.0,1741.0,1741.0,1741.0,1741.0,1741.0,1764.0,1848.0,1937.0,2034.0,2059.0,2064.0,2072.0,2089.0,2100.0,2125.0,2148.0,2168.0,2205.0,2244.0,2256.0,2306.0,2337.0,2360.0,2360.0,2367.0,2373.0,2373.0,2387.0,2387.0,2404.0,2471.0,2571.0,2634.0,2634.0,2634.0,2634.0,2634.0,2634.0,2634.0,2634.0,2634.0,2634.0,2634.0,2634.0,2634.0,2634.0,2634.0,2634.0,2634.0,2634.0,2634.0,2634.0,2634.0,2634.0,2634.0,2634.0,2634.0,2634.0,2634.0,2634.0,2634.0,2714.0,2819.0,2931.0,3039.0,3146.0,3254.0,3359.0,3463.0,3569.0,3677.0,3766.0,3827.0,3827.0,3827.0,3827.0,3841.0,3929.0,3942.0,3958.0,3973.0,4043.0,4044.0,4044.0,4083.0,4083.0,4083.0,4083.0,4083.0,4083.0,4083.0,4083.0,4082.0,4083.0,4083.0,4083.0,4083.0,4083.0,4083.0,4083.0,4083.0,4083.0,4083.0,4083.0,4083.0,4083.0,4083.0,4083.0,4083.0,4083.0,4083.0,4083.0,4083.0,4083.0,4150.0,4176.0,4244.0,4341.0,4444.0,4547.0,4648.0,4749.0,4847.0,4935.0,4985.0,5020.0,5070.0,5090.0,5182.0,5276.0,5378.0,5438.0,5531.0,5630.0,5735.0,5773.0,5869.0,5969.0,6070.0,6160.0,6221.0,6298.0,6298.0,6298.0,6298.0,6298.0,6298.0,6298.0,6298.0,6298.0,6298.0,6298.0,6298.0,6298.0,6298.0,6298.0,6298.0,6298.0,6298.0,6298.0,6298.0,6298.0,6298.0,6298.0,6298.0,6298.0,6298.0,6298.0,6298.0,6298.0,6298.0,6298.0,6298.0,6298.0,6298.0,6298.0,6298.0,6298.0,6298.0,6298.0,6298.0,6298.0,6298.0,6298.0,6298.0,6298.0,6298.0,6298.0,6298.0,6298.0,6298.0,6298.0,6298.0,6298.0,6298.0,6298.0,6298.0,6298.0,6298.0,6298.0,6298.0,6298.0,6298.0,6298.0,6298.0,6298.0,6298.0,6298.0,6298.0,6298.0,6298.0,6298.0,6298.0,6298.0,6298.0,6298.0,6298.0,6298.0,6298.0,6298.0,6298.0,6298.0,6298.0,6298.0,6298.0,6298.0,6298.0,6298.0,6298.0,6298.0,6298.0,6298.0,6298.0,6298.0,6298.0,6298.0,6298.0,6298.0,6298.0,6298.0,6298.0,6298.0,6298.0,6298.0,6298.0,6298.0,6298.0,6298.0,6298.0,6298.0,6298.0,6298.0,6298.0,6298.0,6298.0,6298.0,6298.0,6298.0,6298.0,6298.0,6298.0,6298.0,6298.0,6298.0,6298.0,6298.0,6298.0,6298.0,6298.0,6298.0,6298.0,6298.0,6298.0,6298.0,6298.0,6298.0,6298.0,6298.0,6298.0,6298.0,6298.0,6298.0,6298.0,6298.0,6298.0,6298.0,6298.0,6298.0,6298.0,6298.0,6298.0,6298.0,6298.0,6298.0,6298.0,6298.0,6298.0,6298.0,6298.0,6298.0,6298.0,6298.0,6298.0,6298.0,6298.0,6298.0,6298.0,6298.0,6298.0,6298.0,6298.0,,,,,,,,,,,,,,,,,,,,,,,,,,,,,,,,,,,,,,,,,,,,,,,,,,,,,,,,,,,,,,,,,,,,,,,,,,,,,,,,,,,,,,,,,,,,,,,,,,,,,,,,,,,,,,,,,,,,,,,,,,,,,,,,,,,,,,,,,,,,,,,,,,,,,,
2020-11-01,ios,,,,,,,,,,,,,,,,,,,,,,,,,,,,,,,,,,,,,,,,,,,,,,,,,,,,,,,,,,,,,,,,,,,,,,,,,,,,,,,,,,,,,,,,,,,,,,,,,,,,,,,,,,,,,,,,,,,,,,,,,,,,,,,,,,,,,,,,,,,,,,,,,,,,,,,,,,,,,,,,,,,,,,,,,,,,,,,,,,,,,,,,,,,,,,,,,,,,,,,,,,,,,,,,,,,,,,,,,,,,,,,,,,,,,,,,,,,,,,,,,,,,,,,,,,,,,,,,,,,,,,,,,,,,,,,,,,,,,,,,,,,,,,,,,,,,,,,,,,,,,,,,,,,,,,,,,,,,,,,,,,,,,,,,,,,,,,,,,,,,,,,,,,,,,,,,,,,,,,,,,,,,,,,,,,,,,,,,,,,,,,,,,,,,,,,,,,,,,,,,,,,,,,,,,,,,,,,,,,,,,,,,,,,,,,,,,,,,,,,,,,,,,,,,,,,,,,,,,,,,,,,,,,,,,,,,,,,,,,,,,,,,,,,,,,,,,,,,,,,,,,,,,,,,,,,,,,,,,,,,,,,,,,,,,,,,,,,,,,,,,,,,,,,,,,,,,,,,,,,,,,,,,,,,,,,,,,,,,,,,,,,,,,,,,,,,,,,,,,,,,,,,,,,,,,,,4.0,,4.0,4.0,4.0,,4.0,4.0,,4.0,4.0,4.0,4.0,4.0,4.0,4.0,4.0,4.0,4.0,4.0,4.0,4.0,4.0,4.0,4.0,4.0,4.0,4.0,4.0,4.0,4.0,4.0,4.0,4.0,4.0,4.0,4.0,4.0,9.0,9.0,9.0,9.0,9.0,9.0,,9.0,9.0,,9.0,9.0,8.0,9.0,9.0,9.0,9.0,9.0,,9.0,9.0,9.0,9.0,9.0,9.0,9.0,9.0,9.0,9.0,9.0,9.0,9.0,,9.0,9.0,9.0,9.0,8.0,,9.0,,,9.0,9.0,9.0,9.0,9.0,,9.0,9.0,9.0,9.0,9.0,9.0,9.0,9.0,9.0,9.0,9.0,9.0,9.0,8.0,9.0,9.0,8.0,9.0,9.0,,9.0,9.0,9.0,9.0,9.0,9.0,9.0,9.0,9.0,9.0,9.0,9.0,9.0,9.0,9.0,9.0,9.0,9.0,9.0,9.0,9.0,9.0,9.0,9.0,9.0,9.0,9.0,9.0,9.0,9.0,9.0,9.0,9.0,9.0,9.0,9.0,9.0,9.0,9.0,9.0,9.0,9.0,9.0,9.0,9.0,9.0,9.0,9.0,9.0,9.0,9.0,9.0,9.0,9.0,9.0,9.0,9.0,9.0,9.0,9.0,9.0,9.0,9.0,9.0,9.0,9.0,9.0,9.0,9.0,9.0,9.0,9.0,9.0,9.0,9.0,9.0,9.0,9.0,9.0,9.0,9.0,9.0,9.0,9.0,9.0,9.0,9.0,9.0,9.0,9.0,9.0,9.0,9.0,9.0,9.0,9.0,9.0,9.0,9.0,9.0,9.0,9.0,9.0,,9.0,9.0,36.0,36.0,44.0,44.0,44.0,44.0,44.0,44.0,44.0,44.0,44.0,95.0,103.0,,253.0,253.0,252.0,,253.0,253.0,253.0,253.0,253.0,253.0,253.0,253.0,253.0,253.0,253.0,253.0,253.0,253.0,253.0,253.0,253.0,253.0,253.0,253.0,253.0,253.0,253.0,253.0,253.0,253.0,253.0,253.0,253.0,253.0,253.0,253.0,253.0,253.0,253.0,253.0,253.0,253.0,253.0,253.0,253.0,253.0,253.0,253.0,253.0,253.0,253.0,253.0,253.0,253.0,,,,,,,,,,,,,,,,,,,,,,,,,,,,,,,,,,,,,,,,,,,,,,,,,,,,,,,,,,,,,,,,,,,,,,,,,,,,,,,,,,,,,,,,,,,,,,,,,,,,,,,,,,,,,,,,,,,,,,,,,,,,,,,,,,,,,,,,,,,,,,,,,,,,,,,,,,,,,,,,,,,,,,,,,,,,,,,,,,,,,,,,,,,,,,,,,,,,,,,,,,,,,,,,,,,,,,,,,,,,,,,,,,,,,,,,,,,,,,,,,,,,,,,,,,,,,,,,,,,,,,,,,,,,,,,,,,,,,,,,,,,,,,,,,,,,,,,,,,,,,,,,,,,,,,,,,,,,,,,,,,,,,,,,,,,,,,,,,,,,,,,,,,,,,,,,,,,,,,,,,,,,,,,,,,,,,,,,,,,,,,,,,,,,,,,,,,,,,,,,,,,,,,,,,,,,,,,,,,,,,,,,,,,,,,,,,,,,,,,,,,,,,,,,,,,,,,,,,,,,,,,,,,,,,,,,,,,,,,,,,,,,,,,,,,,,,,,,,,,,,,,,,,,,,,,,,,,,,,,,,,,,,,,,,,,,,,,,,,,,,,,,,,,,,
2020-11-02,ios,,,,,,,,,,,,,,,,,,,,,,,,,,,,,,,,,,,,,,,,,,,,,,,,,,,,,,,,,,,,,,,,,,,,,,,,,,,,,,,,,,,,,,,,,,,,,,,,,,,,,,,,,,,,,,,,,,,,,,,,,,,,,,,,,,,,,,,,,,,,,,,,,,,,,,,,,,,,,,,,,,,,,,,,,,,,,,,,,,,,,,,,,,,,,,,,,,,,,,,,,,,,,,,,,,,,,,,,,,,,,,,,,,,,,,,,,,,,,,,,,,,,,,,,,,,,,,,,,,,,,,,,,,,,,,,,,,,,,,,,,,,,,,,,,,,,,,,,,,,,,,,,,,,,,,,,,,,,,,,,,,,,,,,,,,,,,,,,,,,,,,,,,,,,,,,,,,,,,,,,,,,,,,,,,,,,,,,,,,,,,,,,,,,,,,,,,,,,,,,,,,,,,,,,,,,,,,,,,,,,,,,,,,,,,,,,,,,,,,,,,,,,,,,,,,,,,,,,,,,,,,,,,,,,,,,,,,,,,,,,,,,,,,,,,,,,,,,,,,,,,,,,,,,,,,,,,,,,,,,,,,,,,,,,,,,,,,,,,,,,,,,,,,,,,,,,,,,,,,,,,,,,,,,,,,,,,,,,,,,,,,,,,,,,,,,,,,,,,,,,,,,,,,,,,,,,,,,,,,,,,,,,,,,,,,,,,,,,,,,,,,,,,,,,1.0,4.0,4.0,4.0,4.0,62.0,108.0,214.0,299.0,299.0,299.0,299.0,300.0,300.0,305.0,345.0,378.0,409.0,409.0,409.0,409.0,409.0,409.0,409.0,409.0,409.0,409.0,409.0,409.0,409.0,409.0,409.0,409.0,409.0,409.0,409.0,409.0,409.0,409.0,409.0,409.0,409.0,412.0,,413.0,413.0,416.0,,445.0,,580.0,626.0,658.0,700.0,700.0,744.0,762.0,784.0,822.0,864.0,965.0,,1062.0,1108.0,1218.0,1327.0,1435.0,1535.0,1537.0,1537.0,1537.0,1537.0,1537.0,1537.0,1537.0,1537.0,1537.0,1599.0,1631.0,,1631.0,1631.0,1631.0,1631.0,1631.0,1631.0,1631.0,1631.0,1631.0,1631.0,1631.0,1631.0,1631.0,1631.0,1631.0,1631.0,1631.0,1631.0,1631.0,1631.0,1631.0,1713.0,1799.0,1898.0,1999.0,2084.0,2164.0,2168.0,2195.0,2213.0,2213.0,2261.0,2351.0,2415.0,2511.0,2607.0,2715.0,2823.0,2879.0,2972.0,3052.0,3154.0,3260.0,3269.0,3299.0,3325.0,3412.0,3471.0,3538.0,3598.0,3598.0,3635.0,3680.0,3680.0,3679.0,3680.0,3680.0,3680.0,3680.0,3680.0,3679.0,3680.0,3680.0,3680.0,3680.0,3680.0,3680.0,3680.0,3680.0,3679.0,3680.0,3680.0,3680.0,3680.0,3680.0,3680.0,3680.0,3680.0,3680.0,3680.0,3680.0,3680.0,3680.0,3680.0,3680.0,3680.0,3680.0,3680.0,3680.0,3680.0,3680.0,3680.0,3680.0,3680.0,3680.0,3680.0,3680.0,3689.0,3723.0,3723.0,3739.0,3792.0,3792.0,3792.0,3837.0,3932.0,3964.0,3995.0,4011.0,4011.0,4011.0,4014.0,4121.0,4225.0,4255.0,4264.0,4264.0,4264.0,4264.0,4264.0,4264.0,4263.0,4264.0,4264.0,4263.0,4264.0,4264.0,4264.0,4264.0,4264.0,4264.0,4264.0,4264.0,4264.0,4264.0,4264.0,4264.0,4264.0,4264.0,4264.0,4264.0,4264.0,4264.0,4264.0,4264.0,4264.0,4264.0,4264.0,4264.0,4264.0,4264.0,4264.0,4264.0,4264.0,4264.0,4264.0,4264.0,4264.0,4264.0,4275.0,4275.0,4275.0,4275.0,4275.0,4275.0,4275.0,4275.0,4275.0,4275.0,4275.0,4275.0,4275.0,4275.0,4275.0,4275.0,4275.0,4275.0,4275.0,4275.0,4275.0,4274.0,4275.0,4275.0,4275.0,4275.0,4275.0,4275.0,4275.0,4275.0,4275.0,4275.0,4275.0,4275.0,4275.0,4275.0,4275.0,4275.0,4275.0,4275.0,4275.0,4275.0,4275.0,4275.0,4275.0,4275.0,4275.0,4275.0,4275.0,4275.0,4275.0,4275.0,4275.0,4275.0,4275.0,4275.0,4275.0,4275.0,4287.0,4320.0,4340.0,4359.0,4411.0,4411.0,4411.0,4410.0,4443.0,4457.0,4483.0,4490.0,4492.0,4507.0,4541.0,4583.0,4583.0,4610.0,4650.0,4716.0,4741.0,4741.0,4741.0,4741.0,4741.0,4741.0,4741.0,4741.0,4741.0,4741.0,4741.0,4741.0,4741.0,4741.0,4741.0,4741.0,4741.0,4758.0,4775.0,4775.0,4798.0,4801.0,4828.0,4828.0,4828.0,4828.0,4853.0,4959.0,5064.0,5176.0,5288.0,5402.0,5530.0,5645.0,5750.0,5859.0,5961.0,6067.0,6175.0,6289.0,6387.0,6502.0,6616.0,6728.0,6835.0,6939.0,7049.0,7105.0,7140.0,7163.0,7221.0,7232.0,7248.0,7248.0,7248.0,7248.0,7248.0,7248.0,7248.0,7248.0,7248.0,7248.0,7248.0,7248.0,7248.0,7248.0,7248.0,7248.0,7248.0,7252.0,7287.0,7363.0,7363.0,7363.0,7362.0,7363.0,7363.0,7363.0,7363.0,7363.0,7363.0,7363.0,7363.0,7363.0,7363.0,7363.0,7363.0,7363.0,7363.0,7363.0,7363.0,7363.0,7381.0,7446.0,7446.0,7531.0,7586.0,7637.0,7688.0,7753.0,7823.0,7888.0,7910.0,7923.0,7969.0,8063.0,8136.0,8214.0,8317.0,8414.0,8510.0,8583.0,8632.0,8632.0,8682.0,8682.0,8682.0,8737.0,8777.0,8777.0,8777.0,8777.0,8777.0,8777.0,8786.0,8786.0,8786.0,8786.0,8786.0,8786.0,8785.0,8786.0,8786.0,8786.0,8786.0,8786.0,8786.0,8786.0,8786.0,8786.0,8786.0,8786.0,8786.0,8785.0,8786.0,8786.0,8786.0,8786.0,8786.0,8785.0,8786.0,8786.0,8786.0,8786.0,8786.0,8786.0,8785.0,8786.0,8785.0,8786.0,8786.0,8786.0,8786.0,8786.0,8786.0,8786.0,8786.0,8786.0,8786.0,8785.0,8786.0,8786.0,8786.0,8786.0,8786.0,8786.0,8786.0,8786.0,8786.0,8786.0,8786.0,8786.0,8786.0,8786.0,8786.0,8786.0,8786.0,8786.0,8786.0,8786.0,8786.0,8786.0,8786.0,8786.0,8786.0,8786.0,8786.0,8786.0,8786.0,8786.0,8786.0,8786.0,8786.0,8786.0,8786.0,8786.0,8786.0,8786.0,8786.0,8786.0,8786.0,8786.0,8786.0,8786.0,8786.0,8786.0,8786.0,8786.0,8786.0,8786.0,8786.0,8786.0,8786.0,8786.0,8786.0,8786.0,8786.0,8786.0,8786.0,8786.0,8786.0,8786.0,8786.0,8786.0,8786.0,8786.0,8786.0,8786.0,8786.0,8786.0,8786.0,8786.0,8786.0,8786.0,8786.0,8786.0,8786.0,8786.0,8786.0,8786.0,8786.0,8786.0,8786.0,8786.0,8786.0,8786.0,8786.0,8818.0,8838.0,8894.0,9003.0,9118.0,9235.0,9351.0,9449.0,9552.0,9578.0,9584.0,9584.0,9583.0,9584.0,9584.0,9584.0,9584.0,9584.0,9584.0,9584.0,9584.0,9584.0,9584.0,9584.0,9584.0,9584.0,9584.0,9584.0,9605.0,9668.0,9705.0,9766.0,9869.0,9993.0,10111.0,10227.0,10341.0,10434.0,10542.0,10654.0,10692.0,10696.0,10787.0,10892.0,10953.0,11067.0,11178.0,11226.0,11314.0,11413.0,11448.0,11542.0,11645.0,11748.0,11811.0,11811.0,11811.0,11811.0,11811.0,11850.0,11961.0,12049.0,12073.0,12186.0,12293.0,12410.0,12528.0,12544.0,12544.0,12567.0,12677.0,12796.0,12921.0,13047.0,13119.0,13181.0,13268.0,13373.0,13386.0,13386.0,13385.0,13386.0,13386.0,13386.0,13386.0,13386.0,13386.0,13386.0,13386.0,13386.0,13386.0,13386.0,13386.0,13386.0,13386.0,13386.0,13386.0,13396.0,13442.0,13545.0,13653.0,13778.0,13903.0,14024.0,14138.0,14261.0,14382.0,14502.0,14623.0,14745.0,14863.0,14983.0,15056.0,15172.0,15295.0,15416.0,15532.0,15564.0,15687.0,15782.0,15903.0,16019.0,16106.0,16220.0,16257.0,16257.0,16265.0,16265.0,16265.0,16309.0,16381.0,16482.0,16574.0,16598.0,16641.0,16702.0,16802.0,16912.0,16952.0,17035.0,17050.0,17050.0,,,,,,,,,,,,,,,,,,,,,,,,,,,,,,,,,,,,,,,,,,,,,,,,,,,,,,,,,,,,,,,,,,,,,,,,,,,,,
2020-11-03,ios,,,,,,,,,,,,,,,,,,,,,,,,,,,,,,,,,,,,,,,,,,,,,,,,,,,,,,,,,,,,,,,,,4.0,,4.0,4.0,4.0,4.0,,4.0,3.0,4.0,4.0,4.0,4.0,4.0,4.0,4.0,4.0,4.0,,4.0,4.0,4.0,4.0,,4.0,4.0,3.0,4.0,4.0,4.0,4.0,,4.0,4.0,4.0,4.0,4.0,4.0,4.0,4.0,4.0,3.0,4.0,4.0,,4.0,4.0,4.0,4.0,4.0,4.0,4.0,4.0,4.0,4.0,4.0,4.0,4.0,4.0,4.0,4.0,,4.0,4.0,4.0,4.0,,4.0,4.0,4.0,4.0,,4.0,4.0,,4.0,,4.0,4.0,4.0,4.0,,4.0,4.0,3.0,4.0,,4.0,4.0,4.0,4.0,,4.0,4.0,4.0,4.0,,4.0,4.0,4.0,4.0,,4.0,4.0,4.0,4.0,3.0,4.0,4.0,4.0,4.0,4.0,4.0,4.0,4.0,4.0,4.0,4.0,4.0,4.0,4.0,3.0,4.0,4.0,4.0,4.0,4.0,4.0,4.0,4.0,4.0,,4.0,4.0,4.0,4.0,4.0,4.0,4.0,4.0,4.0,4.0,4.0,4.0,4.0,4.0,3.0,4.0,4.0,4.0,4.0,4.0,,4.0,4.0,4.0,4.0,,4.0,4.0,4.0,,,4.0,4.0,4.0,4.0,,4.0,4.0,4.0,3.0,,4.0,4.0,4.0,4.0,,4.0,4.0,4.0,4.0,3.0,4.0,4.0,4.0,4.0,4.0,4.0,4.0,4.0,4.0,4.0,4.0,4.0,4.0,4.0,4.0,4.0,4.0,4.0,4.0,4.0,4.0,4.0,4.0,4.0,3.0,4.0,4.0,4.0,4.0,4.0,4.0,4.0,4.0,4.0,4.0,4.0,4.0,4.0,4.0,4.0,4.0,4.0,4.0,4.0,4.0,4.0,4.0,4.0,4.0,4.0,4.0,4.0,4.0,4.0,4.0,4.0,4.0,4.0,4.0,4.0,4.0,4.0,4.0,4.0,4.0,4.0,4.0,4.0,4.0,4.0,4.0,4.0,4.0,4.0,4.0,4.0,4.0,4.0,4.0,4.0,4.0,4.0,4.0,4.0,4.0,4.0,4.0,4.0,4.0,4.0,4.0,4.0,4.0,4.0,4.0,4.0,4.0,4.0,4.0,4.0,4.0,4.0,4.0,4.0,4.0,4.0,4.0,4.0,4.0,4.0,4.0,4.0,4.0,4.0,4.0,4.0,4.0,4.0,4.0,4.0,4.0,4.0,4.0,4.0,4.0,4.0,4.0,4.0,4.0,4.0,4.0,4.0,4.0,4.0,4.0,4.0,4.0,4.0,4.0,4.0,4.0,4.0,4.0,4.0,4.0,4.0,4.0,4.0,4.0,4.0,4.0,4.0,4.0,4.0,4.0,4.0,4.0,4.0,4.0,4.0,4.0,4.0,4.0,4.0,4.0,4.0,4.0,4.0,4.0,4.0,4.0,4.0,4.0,4.0,4.0,4.0,4.0,4.0,4.0,4.0,4.0,4.0,4.0,4.0,4.0,4.0,4.0,4.0,4.0,4.0,4.0,4.0,4.0,4.0,4.0,4.0,4.0,4.0,4.0,4.0,4.0,4.0,4.0,4.0,4.0,4.0,4.0,4.0,4.0,4.0,4.0,4.0,4.0,4.0,4.0,4.0,4.0,4.0,4.0,4.0,4.0,4.0,4.0,4.0,4.0,4.0,4.0,4.0,4.0,4.0,4.0,4.0,4.0,4.0,4.0,4.0,4.0,4.0,4.0,4.0,4.0,4.0,4.0,4.0,4.0,4.0,4.0,4.0,4.0,4.0,4.0,4.0,4.0,4.0,4.0,4.0,4.0,4.0,4.0,4.0,4.0,4.0,4.0,4.0,4.0,4.0,4.0,4.0,4.0,4.0,4.0,4.0,4.0,4.0,4.0,4.0,4.0,4.0,4.0,4.0,4.0,4.0,4.0,4.0,4.0,4.0,4.0,4.0,4.0,4.0,4.0,4.0,4.0,4.0,4.0,4.0,4.0,4.0,4.0,4.0,4.0,4.0,4.0,4.0,4.0,4.0,4.0,4.0,4.0,4.0,4.0,4.0,4.0,4.0,4.0,4.0,4.0,4.0,4.0,4.0,4.0,4.0,4.0,4.0,4.0,14.0,23.0,136.0,236.0,362.0,364.0,364.0,364.0,364.0,364.0,372.0,398.0,398.0,467.0,547.0,610.0,628.0,628.0,,628.0,628.0,628.0,628.0,628.0,628.0,628.0,628.0,628.0,628.0,628.0,628.0,,628.0,628.0,628.0,628.0,628.0,628.0,628.0,628.0,628.0,628.0,628.0,628.0,628.0,628.0,628.0,628.0,628.0,628.0,,628.0,628.0,,628.0,628.0,,628.0,628.0,,628.0,628.0,,628.0,628.0,,628.0,628.0,,628.0,628.0,,628.0,628.0,,628.0,628.0,628.0,628.0,628.0,628.0,628.0,628.0,628.0,628.0,628.0,628.0,628.0,628.0,628.0,628.0,628.0,628.0,628.0,628.0,628.0,628.0,628.0,628.0,628.0,628.0,628.0,628.0,628.0,628.0,628.0,628.0,628.0,628.0,628.0,628.0,628.0,628.0,628.0,628.0,628.0,628.0,628.0,628.0,628.0,628.0,628.0,628.0,628.0,628.0,628.0,628.0,628.0,628.0,628.0,628.0,628.0,628.0,628.0,628.0,628.0,628.0,628.0,628.0,628.0,628.0,628.0,628.0,628.0,628.0,628.0,628.0,688.0,,763.0,763.0,763.0,763.0,763.0,763.0,762.0,763.0,763.0,763.0,763.0,763.0,763.0,763.0,763.0,763.0,763.0,763.0,763.0,,763.0,763.0,808.0,811.0,811.0,811.0,811.0,811.0,811.0,811.0,811.0,811.0,811.0,838.0,884.0,914.0,963.0,1007.0,1117.0,1228.0,1334.0,1444.0,1554.0,1665.0,1779.0,1892.0,2002.0,2112.0,2226.0,2339.0,2446.0,2555.0,2664.0,2773.0,2872.0,2962.0,3073.0,3185.0,3297.0,3407.0,3515.0,3622.0,3727.0,3833.0,3912.0,3946.0,3980.0,4040.0,4049.0,4118.0,4220.0,4329.0,4439.0,4545.0,4644.0,4753.0,4860.0,4955.0,5052.0,5151.0,5254.0,5356.0,5393.0,5493.0,5595.0,5690.0,5793.0,5893.0,5985.0,6093.0,6198.0,6309.0,6408.0,6498.0,6604.0,6712.0,6760.0,6799.0,,,6961.0,6961.0,6979.0,6994.0,6995.0,7018.0,7018.0,7018.0,7018.0,7018.0,7017.0,,7018.0,7018.0,7018.0,7018.0,,7018.0,7018.0,7018.0,7018.0,7018.0,7018.0,7018.0,7018.0,7018.0,7018.0,7018.0,7018.0,7018.0,7018.0,7018.0,7018.0,7018.0,7018.0,7018.0,7018.0,7018.0,7018.0,7018.0,7018.0,7018.0,7018.0,7018.0,7018.0,7018.0,7018.0,7018.0,7018.0,7018.0,7018.0,7018.0,7018.0,7018.0,7018.0,7018.0,7018.0,7018.0,7018.0,7018.0,7018.0,7018.0,7018.0,7018.0,7018.0,7018.0,7018.0,7018.0,7018.0,7018.0,7018.0,7018.0,7018.0,7018.0,7018.0,7018.0,7018.0,7018.0,7018.0,7018.0,7018.0,7018.0,7070.0,7070.0,7103.0,7102.0,7102.0,7102.0,,7102.0,7103.0,7103.0,7103.0,7103.0,7103.0,7103.0,7103.0,7103.0,7103.0,7103.0,7103.0,7103.0,7103.0,7103.0,7103.0,7103.0,7103.0,7103.0,7103.0,7103.0,7103.0,7103.0,7103.0,7103.0,7115.0,7118.0,7145.0,7175.0,7198.0,7215.0,7215.0,,,7289.0,7337.0,7352.0,7406.0,7406.0,7406.0,7406.0,7405.0,7406.0,7405.0,7406.0,7406.0,7406.0,7406.0,7406.0,7406.0,7406.0,7406.0,7406.0,7406.0,7406.0,7406.0,7406.0,7406.0,7406.0,7406.0,7406.0,7406.0,7406.0,7406.0,7406.0,7406.0,7406.0,7406.0,7406.0,7411.0,7411.0,7411.0,,7411.0,7410.0,7411.0,7411.0,7411.0,7411.0,7411.0,7411.0,7411.0,7411.0,7411.0,7411.0,7411.0,7411.0,7411.0,7411.0,7411.0,7411.0,7411.0,7411.0,7411.0,7411.0,7411.0,7411.0,7411.0,7411.0,7411.0,7411.0,7411.0,7411.0,7411.0,7411.0,7411.0,7411.0,7411.0,7411.0,7411.0,7411.0,7411.0,7411.0,7411.0,7411.0,7411.0,7411.0,7411.0,7411.0,7411.0,7411.0,7411.0,7411.0,7411.0,7411.0,7411.0,7411.0,7411.0,7411.0,7411.0,7411.0,7411.0,7411.0,7411.0,7411.0,7411.0,7411.0,7411.0,7411.0,7411.0,7411.0,7411.0,7411.0,7411.0,7411.0,7411.0,7411.0,7411.0,7411.0,7411.0,7411.0,7426.0,7475.0,7475.0,7475.0,7475.0,7475.0,7475.0,7475.0,7475.0,7475.0,7475.0,7475.0,7475.0,7475.0,7475.0,7475.0,7475.0,7475.0,7475.0,7475.0,7475.0,7475.0,7475.0,7475.0,7475.0,7475.0,7475.0,7475.0,7475.0,7475.0,7515.0,7557.0,7619.0,7703.0,7776.0,7788.0,7867.0,7964.0,8050.0,8092.0,8198.0,8285.0,8335.0,8403.0,8498.0,8544.0,8597.0,8691.0,8739.0,8763.0,8865.0,8957.0,9061.0,9163.0,9259.0,9368.0,9454.0,9530.0,9532.0,9532.0,9532.0,9532.0,9532.0,9532.0,,9532.0,9532.0,9532.0,9532.0,9532.0,9532.0,9532.0,9532.0,9532.0,9532.0,9532.0,9532.0,9532.0,9532.0,9532.0,9532.0,9532.0,9532.0,9532.0,9532.0,,9532.0,9532.0,9532.0,9532.0,9531.0,9531.0,9532.0,9532.0,9532.0,9532.0,9532.0,9532.0,9532.0,9532.0,9532.0,9531.0,9532.0,9532.0,9532.0,9532.0,9532.0,9532.0,9532.0,9532.0,9532.0,,9532.0,9532.0,9532.0,9532.0,9532.0,9532.0,9532.0,9532.0,9532.0,9532.0,,9532.0,9532.0,9532.0,9532.0,9532.0,9532.0,9532.0,9532.0,9532.0,9532.0,9532.0,9532.0,9532.0,9532.0,9532.0,9532.0,9532.0,9532.0,9532.0,9532.0,9532.0,9532.0,9532.0,9532.0,9532.0,9532.0,9532.0,9532.0,9532.0,9532.0,9531.0,9532.0,9532.0,9532.0,9532.0,9532.0,9532.0,9532.0,9532.0,9532.0,9532.0,9532.0,9532.0,9532.0,9532.0,9532.0,9532.0,9532.0,9532.0,9532.0,9532.0,9532.0,9532.0,9532.0,9532.0,9532.0,9532.0,9532.0,9532.0,9532.0,9532.0,9532.0,9532.0,9532.0,9532.0,9532.0,9532.0,9532.0,9532.0,9532.0,9532.0,9532.0,9532.0,9532.0,9532.0,9532.0,9532.0,9532.0,9532.0,9532.0,9532.0,9532.0,9532.0,9532.0,9532.0,9532.0,9532.0,9532.0,9532.0,9532.0,9532.0,9532.0,9532.0,9532.0,9532.0,9532.0,9532.0,9532.0,9532.0,9532.0,9532.0,9532.0,9532.0,9532.0,9532.0,9532.0,9532.0,9532.0,9532.0,9532.0,9532.0,9532.0,9532.0,9532.0,9532.0,9532.0,9532.0,9532.0,9532.0,9532.0,9532.0,9532.0,9532.0,9532.0,9532.0,9532.0,9532.0,9532.0,9532.0,9532.0,9532.0,9532.0,9532.0,9532.0,9532.0,9532.0,9532.0,9532.0,9532.0,9532.0,9532.0,9532.0,9532.0,9532.0,9532.0,9532.0,9532.0,9532.0,9532.0,9532.0,9532.0,9532.0,9532.0,9532.0,9532.0,9532.0,9532.0,9532.0,9532.0,9532.0,9531.0,9532.0,9532.0,9532.0,9532.0,9532.0,9532.0,9532.0,9532.0,9532.0,9532.0,9532.0,9532.0,9532.0,9532.0,9532.0,9532.0,9532.0,9532.0,9532.0,9532.0,9532.0,9532.0,9532.0,9532.0,9532.0,9546.0,9546.0,,9556.0,9556.0,9556.0,9555.0,9556.0,9556.0,9556.0,9556.0,9556.0,,9556.0,9556.0,,9556.0,9556.0,9556.0,9556.0,9556.0,9556.0,9556.0,9556.0,9556.0,9556.0,9556.0,9556.0,9556.0,9556.0,9556.0,9556.0,9556.0,9556.0,9556.0,9556.0,9556.0,9556.0,9556.0,9556.0,9556.0,9556.0,9556.0,9556.0,9556.0,9556.0,9556.0,9556.0,9556.0,9556.0,9556.0,9556.0,9556.0,9556.0,9563.0,9563.0,9563.0,9563.0,9563.0,9563.0,9563.0,9563.0,,,,,,,,
2020-11-04,ios,,,,,,,,,,,,,,,,,,,,,,,,,,,,,,,,,,,,,,,,,,,,,,,,,,,,,,,,,,,,,,,,,,,,,,,,,,,,,,,,,,,,,,,,,,,,,,,,,,,,,,,,,,,,,,,,,,,,,,,,,,,,,,,,,,,,,,,,,,,,,,,,,,,,,,,,,,,,,,,,,,,,,,,,,,,,,,,,,,,,,,,,,,,,,,,,,,,,,,,,,,,,,,,,,,,,,,,,,,,,,,,,,,,,,,,,,,,,,,,,,,,,,,,,,,,,,,,,,,,,,,,,,,,,,,,,,,,,,,,,,,,,,,,,,,,,,,,,,,,,,,,,,,,,,,,,,,,,,,,,,,,,,,,,,,,,,,,,,,,,,,,,,,,,,,,,,,,,,,,,,,,,,,,,,,,,,,,,,,,,,,,,,,,,,,,,,,,,,,,,,,,,,,,,,,,,,,,,,,,,,,,,,,,,,,,,,,,,,,,,,,,,,,,,,,,,,,,,,,,,,,,,,,,,,,,,,,,,,,,,,,,,,,,,,,,,,,,,,,,,,,,,,,,,,,,,,,,,,,,,,,,,,,,,,,,,,,,,,,,,,,,,,,,,,,,,,,,,,,,,,,,,,,,,,,,,,,,,,,,,,,,,,,,,,,,,,,,,,,,,,,,,,,,,15.0,14.0,15.0,15.0,15.0,15.0,15.0,15.0,15.0,15.0,15.0,15.0,15.0,15.0,22.0,23.0,23.0,23.0,23.0,23.0,23.0,23.0,23.0,23.0,72.0,118.0,,119.0,119.0,119.0,,119.0,119.0,119.0,119.0,119.0,119.0,119.0,119.0,119.0,119.0,135.0,,135.0,135.0,135.0,135.0,135.0,135.0,135.0,135.0,135.0,,144.0,144.0,144.0,144.0,178.0,178.0,178.0,178.0,178.0,178.0,178.0,,209.0,217.0,307.0,307.0,307.0,307.0,307.0,307.0,313.0,366.0,397.0,434.0,435.0,494.0,548.0,548.0,548.0,,548.0,548.0,548.0,548.0,548.0,548.0,,548.0,548.0,548.0,548.0,,548.0,548.0,548.0,548.0,548.0,548.0,548.0,548.0,,548.0,548.0,548.0,548.0,548.0,548.0,548.0,548.0,548.0,548.0,548.0,548.0,,548.0,548.0,548.0,548.0,548.0,548.0,548.0,548.0,548.0,548.0,548.0,548.0,548.0,,548.0,,548.0,548.0,548.0,548.0,548.0,548.0,548.0,548.0,548.0,548.0,548.0,548.0,548.0,548.0,548.0,548.0,548.0,548.0,548.0,548.0,548.0,548.0,548.0,548.0,548.0,548.0,548.0,548.0,548.0,548.0,548.0,548.0,548.0,548.0,548.0,548.0,548.0,548.0,548.0,548.0,548.0,548.0,548.0,548.0,548.0,548.0,548.0,548.0,548.0,548.0,548.0,548.0,548.0,548.0,548.0,548.0,548.0,548.0,548.0,568.0,652.0,653.0,728.0,746.0,783.0,783.0,783.0,783.0,783.0,783.0,783.0,783.0,783.0,783.0,783.0,783.0,783.0,783.0,783.0,783.0,783.0,783.0,783.0,783.0,783.0,783.0,783.0,783.0,783.0,783.0,783.0,783.0,783.0,783.0,783.0,783.0,783.0,783.0,783.0,783.0,783.0,783.0,783.0,783.0,783.0,783.0,783.0,783.0,798.0,869.0,905.0,915.0,915.0,915.0,,928.0,937.0,942.0,942.0,942.0,1055.0,1072.0,1072.0,1072.0,1072.0,1072.0,,1072.0,1072.0,1072.0,1071.0,1072.0,1072.0,1072.0,1072.0,1071.0,1072.0,1072.0,1072.0,,1072.0,,1072.0,1072.0,1072.0,1072.0,1072.0,1072.0,1072.0,1072.0,1072.0,1072.0,,1072.0,1072.0,1072.0,1072.0,1072.0,1072.0,1072.0,1072.0,1072.0,1072.0,1072.0,1072.0,,1072.0,1072.0,1072.0,1072.0,,1072.0,1072.0,1072.0,1072.0,1072.0,1072.0,1072.0,1072.0,1072.0,1072.0,1072.0,1072.0,1072.0,1072.0,1072.0,1072.0,,1072.0,1072.0,1072.0,1072.0,1072.0,1072.0,1072.0,1072.0,,1072.0,1072.0,1072.0,1072.0,1072.0,1072.0,1072.0,1072.0,1072.0,1072.0,1072.0,1072.0,1072.0,1072.0,1072.0,1072.0,1072.0,1072.0,1072.0,1072.0,1072.0,1072.0,1072.0,1072.0,1072.0,1072.0,1072.0,1072.0,1072.0,1072.0,1072.0,1072.0,1072.0,1072.0,1072.0,1072.0,1072.0,1072.0,1072.0,1072.0,1072.0,1072.0,1072.0,1072.0,1072.0,1072.0,1072.0,1072.0,1072.0,1072.0,1072.0,1072.0,1072.0,1072.0,1072.0,1072.0,1072.0,1072.0,1072.0,1072.0,1072.0,1072.0,1072.0,1072.0,1072.0,1072.0,1072.0,1072.0,1072.0,1072.0,1072.0,1072.0,1072.0,1072.0,1072.0,1072.0,1072.0,1072.0,1072.0,1072.0,1072.0,1072.0,1072.0,1072.0,1072.0,1072.0,1146.0,1215.0,1302.0,1359.0,1418.0,1512.0,1600.0,1696.0,1796.0,1872.0,1964.0,2052.0,2127.0,2153.0,2164.0,2164.0,2164.0,2164.0,2164.0,2164.0,2164.0,2164.0,2164.0,2164.0,2214.0,,2442.0,2476.0,2476.0,2520.0,2520.0,2536.0,2645.0,2755.0,2867.0,2981.0,3089.0,3196.0,3299.0,3408.0,3519.0,3602.0,3621.0,3629.0,3629.0,3629.0,3629.0,3629.0,3629.0,3629.0,3629.0,3644.0,3667.0,,3685.0,3685.0,,3685.0,3685.0,,3685.0,3685.0,3685.0,3685.0,3685.0,3685.0,3690.0,3711.0,,3738.0,3749.0,3749.0,3787.0,3831.0,,,4030.0,,4070.0,4097.0,,4103.0,4176.0,4277.0,4367.0,4462.0,4564.0,4664.0,,4854.0,4944.0,5038.0,5112.0,5158.0,5158.0,5158.0,5173.0,5173.0,5173.0,5173.0,5173.0,,5173.0,5173.0,5173.0,5173.0,5173.0,5173.0,5173.0,5173.0,5173.0,5173.0,5200.0,5290.0,5375.0,5375.0,5448.0,5521.0,5593.0,5594.0,,,,5595.0,,5594.0,,5595.0,,5595.0,,5594.0,,5595.0,,5595.0,,5595.0,5595.0,5595.0,5595.0,5595.0,5595.0,5595.0,5595.0,5595.0,5595.0,5595.0,5595.0,5595.0,5595.0,5595.0,5595.0,5595.0,5612.0,5666.0,5714.0,5730.0,5807.0,5855.0,5855.0,5855.0,5871.0,5882.0,5882.0,5882.0,,5881.0,5882.0,5882.0,5882.0,5882.0,5882.0,5882.0,5882.0,5882.0,5882.0,5882.0,5882.0,5882.0,5882.0,5882.0,5882.0,5882.0,5882.0,5882.0,5882.0,5882.0,5882.0,5882.0,5882.0,5882.0,5882.0,5882.0,5882.0,5882.0,5882.0,5882.0,5882.0,5882.0,5882.0,5882.0,5882.0,5882.0,5882.0,5882.0,5882.0,5882.0,5882.0,5882.0,5882.0,5882.0,5882.0,5882.0,5882.0,5882.0,5882.0,5882.0,5882.0,5882.0,5882.0,5882.0,5882.0,5882.0,5882.0,5882.0,5882.0,5882.0,5908.0,5908.0,5908.0,5908.0,5908.0,5908.0,5908.0,5908.0,5908.0,5908.0,5908.0,5908.0,5908.0,5908.0,5908.0,5908.0,5908.0,5908.0,5908.0,5908.0,5908.0,5908.0,5908.0,5908.0,5908.0,5908.0,5908.0,5908.0,5908.0,5908.0,5908.0,5908.0,5908.0,5908.0,5908.0,5908.0,5908.0,5908.0,5908.0,5908.0,5908.0,5908.0,5908.0,5908.0,5908.0,5908.0,5908.0,5908.0,5908.0,5908.0,5908.0,5908.0,5908.0,5908.0,5908.0,5908.0,5908.0,5908.0,5908.0,5908.0,5908.0,5908.0,5908.0,5908.0,5908.0,5908.0,5908.0,5908.0,5908.0,5908.0,5908.0,5908.0,5908.0,5908.0,5908.0,5908.0,,,,,,,,,,,,,,,,,,,,,,,,,,,,,,,,,,,,,,,,,,,,,,,,,,,,,,,,,,,,,,,,,,,,,,,,,,,,,,,,,,,,,,,,,,,,,,,,,,,,,,,,,,,,,,,,,
2020-11-05,ios,,,,,,,,,,,,,,,,,,,,,,,,,,,,,,,,,,,,,,,,,,,,,,,,,,,,,,,,,,,,,,,,,,,,,,,,,,,,,,,,,,,,,,,,,,,,,,,,,,,,,,,,,,,,,,,,,,,,,,,,,,,,,,,,,,,,,,,,,,,,,,,,,,,,,,,,,,,,,,,,,,,,,,,,,,,,,,,,,,,,,,,,,,,,,,,,,,,,,,,,,,,,,,,,,,,,,,,,,,,,,,,,,,,,,,,,,,,,,,,,,,,,,,,,,,,,,,,,,,,,,,,,,,,,,,,,,,,,,,,,,,,,,,,,,,,,,,,,,,,,,,,,,,,,,,,,,,,,,,,,,,,,,,,,,,,,,,,,,,,,,,,,,,,,,,,,,,,,,,,,,,,,,,,,,,,,,,,,,,,,,,,,,,,,,,,,,,,,,,,,,,,,,,,,,,,,,,,,,,,,,,,,,,,,,,,,,,,,,,,,,,,,,,,,,,,,,,,,,,,,,,,,,,,,,,,,,,,,,,,,,,,,,,,,,,,,,,,,,,,,,,,,,,,,,,,,,,,,,,,,,,,,,,,,,,,,,,,,,,,,,,,,,,,,,,,,,,,,,,,,,,,,,,,,,,,,,,,,,,,,,,,,,,,,,,,,,,,,,,,,,,,,,,,,,,,,,,,,,,,,,,,,,,,,,,,,,,,,,,,,,,,,,,,,,,,,,,,,8.0,31.0,31.0,66.0,67.0,67.0,67.0,67.0,,67.0,66.0,67.0,67.0,67.0,67.0,67.0,,67.0,67.0,67.0,67.0,67.0,67.0,67.0,67.0,67.0,67.0,67.0,67.0,67.0,67.0,67.0,67.0,67.0,67.0,67.0,67.0,67.0,67.0,67.0,67.0,67.0,67.0,67.0,67.0,67.0,67.0,67.0,67.0,109.0,224.0,334.0,446.0,557.0,667.0,763.0,866.0,974.0,1080.0,1182.0,1279.0,1395.0,1514.0,1628.0,1741.0,1858.0,1963.0,1991.0,,,,,2005.0,2005.0,2005.0,2005.0,2005.0,2005.0,2005.0,2005.0,2005.0,2005.0,2005.0,2005.0,2005.0,2005.0,2005.0,2005.0,2005.0,2023.0,2029.0,2087.0,2102.0,2115.0,2115.0,2115.0,2115.0,2136.0,2154.0,2199.0,2210.0,2217.0,,2217.0,2217.0,2261.0,2307.0,2333.0,2343.0,2352.0,2355.0,2360.0,2360.0,2360.0,2360.0,2379.0,2379.0,2441.0,2554.0,2648.0,2678.0,2695.0,2803.0,2900.0,2900.0,2900.0,2900.0,2900.0,2900.0,2900.0,2900.0,2939.0,2971.0,,2971.0,2971.0,2971.0,2970.0,2971.0,2971.0,2971.0,2971.0,2971.0,2971.0,,2971.0,2971.0,2971.0,2971.0,2971.0,2971.0,2971.0,2971.0,2971.0,2971.0,2971.0,2971.0,2971.0,2971.0,2971.0,2971.0,2971.0,2971.0,2971.0,2971.0,2971.0,2971.0,2971.0,2971.0,2971.0,2971.0,2971.0,2971.0,3032.0,3112.0,3146.0,3164.0,,3235.0,3245.0,3285.0,3285.0,3301.0,3338.0,3358.0,3421.0,3497.0,3535.0,3568.0,3568.0,3580.0,3593.0,3609.0,3649.0,3673.0,3718.0,3786.0,3812.0,3825.0,3836.0,3836.0,3929.0,3947.0,4004.0,4051.0,4120.0,4120.0,4120.0,4120.0,4120.0,,4181.0,4181.0,4182.0,4182.0,4188.0,4290.0,4320.0,4406.0,4476.0,4500.0,4575.0,4676.0,4719.0,4719.0,4719.0,4719.0,4719.0,4719.0,4729.0,4729.0,4729.0,4729.0,4729.0,4729.0,4729.0,4791.0,4815.0,4815.0,,4839.0,4853.0,,4885.0,4887.0,4887.0,4899.0,4918.0,4933.0,4933.0,4933.0,4933.0,4933.0,4933.0,4933.0,4933.0,4933.0,4933.0,4933.0,4933.0,4933.0,4933.0,4933.0,4933.0,4933.0,4933.0,4933.0,5017.0,5103.0,5213.0,5240.0,5252.0,5271.0,5333.0,5359.0,5361.0,5390.0,5405.0,5410.0,5410.0,5410.0,5410.0,5410.0,5410.0,5410.0,5410.0,5410.0,5410.0,5410.0,5410.0,5435.0,5460.0,5496.0,,5538.0,5568.0,,5633.0,5673.0,5781.0,5880.0,5918.0,6030.0,6123.0,6123.0,6123.0,6131.0,6141.0,6149.0,6158.0,6160.0,6160.0,6160.0,,6169.0,6169.0,6183.0,,6183.0,6222.0,6241.0,6241.0,6273.0,6362.0,6380.0,6380.0,6391.0,,6391.0,6391.0,6391.0,6391.0,6391.0,6391.0,6391.0,6391.0,6391.0,6391.0,6391.0,6391.0,,6391.0,6391.0,6391.0,6391.0,,6391.0,6390.0,6391.0,6391.0,6391.0,6391.0,6391.0,6391.0,6391.0,6391.0,6391.0,6391.0,6391.0,6391.0,6391.0,6391.0,6391.0,6391.0,6391.0,6391.0,6391.0,6391.0,6391.0,6391.0,6391.0,6391.0,6391.0,6391.0,6391.0,6391.0,6391.0,6391.0,6391.0,6391.0,6391.0,6391.0,6391.0,6391.0,6391.0,6391.0,6391.0,6406.0,6410.0,6437.0,6543.0,6611.0,6734.0,6842.0,6949.0,6981.0,7009.0,7009.0,7009.0,7009.0,7028.0,7063.0,7063.0,7083.0,7083.0,7083.0,7083.0,7083.0,7083.0,7083.0,7082.0,7083.0,7083.0,7083.0,7083.0,7083.0,7083.0,7083.0,7083.0,7083.0,7137.0,7184.0,,7263.0,7345.0,7440.0,7546.0,7656.0,7760.0,7864.0,7964.0,8032.0,8056.0,8056.0,8163.0,8241.0,8352.0,8456.0,8561.0,8661.0,8766.0,8867.0,8968.0,8978.0,8978.0,8979.0,8979.0,,8979.0,8979.0,8979.0,8979.0,8979.0,8979.0,9006.0,9077.0,9077.0,9077.0,,9077.0,9077.0,,9077.0,9077.0,9077.0,,9077.0,9077.0,9076.0,9077.0,9077.0,9077.0,9077.0,9077.0,9077.0,9077.0,9077.0,9077.0,9077.0,9077.0,9077.0,9077.0,9077.0,9077.0,,9077.0,9077.0,,9077.0,9077.0,9077.0,9077.0,9077.0,9077.0,9077.0,9076.0,9077.0,9077.0,9077.0,9077.0,9077.0,9077.0,9077.0,9077.0,9077.0,9077.0,9077.0,9077.0,9077.0,9077.0,9077.0,9077.0,9077.0,9077.0,9077.0,9077.0,9077.0,9077.0,9077.0,9077.0,9077.0,9077.0,9077.0,9077.0,9077.0,9077.0,9077.0,9077.0,9077.0,9077.0,9077.0,9077.0,9077.0,9077.0,9077.0,9077.0,9077.0,9077.0,9077.0,9077.0,9077.0,9077.0,9077.0,9077.0,9077.0,9077.0,9077.0,9077.0,9077.0,9077.0,9077.0,9077.0,9077.0,9077.0,9077.0,9077.0,9077.0,9077.0,9077.0,9078.0,9082.0,,,9092.0,9092.0,9092.0,9092.0,9092.0,9092.0,9092.0,9092.0,9092.0,9092.0,9092.0,9092.0,9092.0,,9092.0,9091.0,9092.0,9091.0,9092.0,9091.0,9092.0,,9092.0,,9092.0,9092.0,9092.0,9092.0,9092.0,9092.0,9092.0,9092.0,9092.0,9092.0,9092.0,9092.0,9092.0,9092.0,9092.0,9092.0,9092.0,9092.0,,9092.0,9092.0,9092.0,9092.0,9092.0,9092.0,9092.0,9092.0,9092.0,9092.0,9092.0,9092.0,9092.0,9092.0,9092.0,9092.0,9092.0,9092.0,9092.0,9092.0,9092.0,9092.0,9092.0,9092.0,9092.0,9092.0,9092.0,9092.0,9092.0,9092.0,9092.0,9092.0,9092.0,9092.0,9092.0,9092.0,9092.0,9092.0,9092.0,9092.0,9092.0,9092.0,9092.0,9092.0,9092.0,9092.0,9092.0,9092.0,9092.0,9092.0,,,,,,,,,,,,,,,,,,,,,,,,,,,,,,,,,,,,,,,,,,,,,,,,,,,,,,,,,,,,,,,,,,,,,,,,,,,,,,,,,,,,,,,,,,,,,,,,,,,,,,,,,,,,,,,,,,,,,,,,,,,,,,,,,
2020-11-06,ios,,1.0,1.0,1.0,1.0,1.0,1.0,1.0,1.0,1.0,1.0,,1.0,1.0,1.0,1.0,1.0,1.0,,1.0,1.0,1.0,1.0,1.0,1.0,1.0,1.0,,1.0,1.0,1.0,1.0,1.0,1.0,1.0,1.0,1.0,1.0,,1.0,1.0,1.0,1.0,1.0,1.0,1.0,1.0,1.0,1.0,1.0,1.0,1.0,1.0,1.0,,1.0,1.0,1.0,1.0,1.0,1.0,,1.0,,1.0,1.0,1.0,1.0,1.0,1.0,1.0,1.0,1.0,1.0,1.0,1.0,1.0,1.0,1.0,1.0,1.0,1.0,1.0,1.0,1.0,1.0,1.0,1.0,1.0,1.0,1.0,1.0,1.0,1.0,1.0,1.0,1.0,1.0,1.0,1.0,1.0,1.0,1.0,1.0,1.0,1.0,1.0,1.0,1.0,1.0,1.0,1.0,1.0,1.0,1.0,1.0,1.0,1.0,1.0,1.0,1.0,1.0,1.0,1.0,1.0,1.0,1.0,1.0,1.0,1.0,1.0,1.0,1.0,1.0,1.0,1.0,1.0,1.0,1.0,1.0,1.0,1.0,1.0,1.0,1.0,1.0,1.0,1.0,1.0,1.0,1.0,1.0,1.0,1.0,1.0,1.0,1.0,1.0,1.0,1.0,1.0,1.0,1.0,1.0,1.0,1.0,1.0,1.0,1.0,1.0,1.0,1.0,1.0,1.0,1.0,1.0,1.0,1.0,1.0,1.0,1.0,1.0,1.0,1.0,1.0,1.0,1.0,1.0,1.0,1.0,1.0,1.0,1.0,1.0,1.0,1.0,1.0,1.0,1.0,1.0,1.0,1.0,1.0,1.0,1.0,1.0,1.0,1.0,1.0,1.0,1.0,1.0,1.0,1.0,1.0,1.0,1.0,1.0,1.0,1.0,1.0,1.0,1.0,1.0,1.0,1.0,1.0,1.0,1.0,1.0,1.0,1.0,1.0,1.0,1.0,1.0,1.0,1.0,1.0,1.0,1.0,1.0,1.0,1.0,1.0,1.0,1.0,1.0,1.0,1.0,1.0,1.0,1.0,1.0,1.0,1.0,1.0,1.0,1.0,1.0,1.0,1.0,1.0,1.0,1.0,1.0,1.0,1.0,1.0,1.0,1.0,1.0,1.0,1.0,1.0,1.0,1.0,1.0,1.0,1.0,1.0,1.0,1.0,1.0,1.0,1.0,1.0,1.0,1.0,1.0,1.0,1.0,1.0,1.0,1.0,1.0,1.0,1.0,1.0,1.0,1.0,1.0,1.0,1.0,1.0,1.0,1.0,1.0,1.0,1.0,1.0,1.0,1.0,1.0,1.0,1.0,1.0,1.0,1.0,1.0,1.0,1.0,1.0,1.0,1.0,1.0,1.0,1.0,1.0,1.0,1.0,1.0,1.0,1.0,1.0,1.0,1.0,1.0,1.0,1.0,1.0,1.0,1.0,1.0,1.0,1.0,1.0,1.0,1.0,1.0,1.0,1.0,1.0,1.0,1.0,1.0,1.0,1.0,1.0,1.0,1.0,1.0,1.0,1.0,1.0,1.0,1.0,1.0,1.0,1.0,1.0,1.0,1.0,1.0,1.0,1.0,1.0,1.0,1.0,1.0,1.0,1.0,1.0,1.0,1.0,1.0,1.0,1.0,1.0,1.0,1.0,1.0,1.0,1.0,1.0,1.0,1.0,1.0,1.0,1.0,1.0,1.0,1.0,1.0,1.0,1.0,1.0,1.0,1.0,1.0,1.0,1.0,1.0,1.0,1.0,1.0,1.0,1.0,1.0,1.0,1.0,1.0,1.0,25.0,109.0,221.0,329.0,374.0,535.0,592.0,646.0,646.0,656.0,,656.0,656.0,656.0,656.0,656.0,656.0,656.0,664.0,664.0,664.0,664.0,664.0,664.0,664.0,664.0,664.0,664.0,664.0,664.0,664.0,664.0,664.0,664.0,664.0,664.0,664.0,664.0,664.0,664.0,664.0,664.0,664.0,664.0,664.0,675.0,761.0,876.0,991.0,1110.0,1220.0,1335.0,1392.0,,1549.0,1611.0,1699.0,1780.0,1870.0,1985.0,2096.0,2222.0,2327.0,2427.0,2498.0,2557.0,2610.0,2641.0,2681.0,2681.0,2720.0,2767.0,2788.0,2830.0,2831.0,2917.0,2982.0,2982.0,2982.0,2982.0,2982.0,2982.0,2982.0,2982.0,,2982.0,2990.0,2990.0,2990.0,2990.0,2998.0,3010.0,,3010.0,3010.0,3065.0,3190.0,3313.0,3440.0,3571.0,3701.0,3831.0,3962.0,4093.0,,4289.0,4298.0,4298.0,4298.0,4316.0,4316.0,4316.0,4332.0,4332.0,4332.0,4332.0,4332.0,4331.0,4332.0,4332.0,4332.0,4359.0,4359.0,4367.0,4367.0,4367.0,4367.0,4367.0,4367.0,4367.0,4367.0,4443.0,4549.0,4574.0,4660.0,4730.0,4782.0,4782.0,4812.0,4835.0,4901.0,4901.0,4901.0,4901.0,4901.0,4901.0,4901.0,4901.0,4919.0,5002.0,5076.0,5076.0,5076.0,5076.0,5076.0,5076.0,5076.0,5076.0,,5156.0,5156.0,5156.0,5156.0,5156.0,5156.0,5156.0,5156.0,,5155.0,5156.0,5156.0,5156.0,5156.0,5156.0,5156.0,5156.0,5156.0,5156.0,5156.0,5156.0,5156.0,5156.0,5156.0,5156.0,5156.0,5156.0,5156.0,5156.0,5156.0,5156.0,5156.0,5156.0,5156.0,5156.0,5247.0,5359.0,5433.0,5478.0,5478.0,5478.0,5478.0,5478.0,,5561.0,5644.0,,5876.0,5993.0,6052.0,6068.0,6068.0,6068.0,6068.0,6068.0,6084.0,6084.0,6084.0,6084.0,6084.0,6084.0,6084.0,6084.0,6084.0,6090.0,6090.0,6092.0,6092.0,6092.0,6092.0,6092.0,6092.0,6092.0,6099.0,6099.0,,6099.0,6099.0,6099.0,6099.0,6099.0,6108.0,6108.0,6108.0,6116.0,6116.0,6116.0,6116.0,6171.0,6258.0,6359.0,6420.0,6420.0,6420.0,6421.0,6421.0,6421.0,6421.0,6421.0,6421.0,6421.0,6421.0,6421.0,6421.0,6421.0,6421.0,6421.0,6421.0,6435.0,6446.0,6446.0,6446.0,6446.0,6486.0,6564.0,6590.0,6590.0,6593.0,6675.0,6701.0,6723.0,,6792.0,6803.0,6803.0,6803.0,6897.0,7003.0,7116.0,7224.0,7337.0,7406.0,7520.0,7607.0,7692.0,7764.0,7881.0,,7917.0,7917.0,7917.0,7917.0,7917.0,7917.0,7916.0,7917.0,7917.0,7917.0,7917.0,7917.0,7916.0,7917.0,7917.0,7917.0,7917.0,7917.0,7917.0,7917.0,7917.0,7917.0,7917.0,7917.0,7917.0,7917.0,7917.0,7917.0,7917.0,7917.0,7917.0,7917.0,7917.0,7917.0,7917.0,7917.0,7917.0,7917.0,7917.0,7917.0,7917.0,7917.0,7917.0,7917.0,7917.0,7917.0,7917.0,7917.0,7917.0,7917.0,7917.0,7917.0,7943.0,8015.0,8125.0,8143.0,8229.0,8340.0,8439.0,8461.0,8481.0,8486.0,8486.0,8507.0,8605.0,8703.0,8704.0,8723.0,8789.0,8789.0,8789.0,8835.0,8949.0,9061.0,9163.0,9246.0,9246.0,,9413.0,9509.0,9607.0,9720.0,9832.0,9928.0,9972.0,9972.0,10033.0,10087.0,10091.0,10091.0,10091.0,10100.0,10100.0,10118.0,10118.0,10118.0,10118.0,10118.0,10118.0,10136.0,10154.0,10154.0,10154.0,10154.0,10154.0,10154.0,10154.0,10154.0,10154.0,10154.0,10162.0,10162.0,10162.0,10170.0,10186.0,10199.0,10199.0,10199.0,10199.0,10199.0,10199.0,10278.0,10388.0,10497.0,10612.0,10724.0,10840.0,10950.0,11025.0,11025.0,11025.0,11025.0,11033.0,11045.0,11045.0,11045.0,11054.0,11054.0,11054.0,11054.0,11054.0,11054.0,11054.0,11054.0,11054.0,11054.0,11054.0,11054.0,11054.0,11118.0,11157.0,11179.0,11258.0,11353.0,11455.0,11455.0,11455.0,11512.0,11618.0,11717.0,,11846.0,11885.0,11885.0,11885.0,11885.0,11885.0,11885.0,11911.0,11911.0,11966.0,11987.0,12079.0,12126.0,12126.0,12145.0,12248.0,12348.0,12460.0,12527.0,12637.0,12716.0,12716.0,12717.0,12717.0,12717.0,12717.0,12717.0,12717.0,12717.0,12717.0,12717.0,12717.0,12717.0,12728.0,12728.0,12728.0,12728.0,12742.0,12742.0,12742.0,12742.0,12742.0,12749.0,12767.0,12767.0,12767.0,12767.0,12767.0,12775.0,12797.0,12797.0,12797.0,12797.0,12814.0,12845.0,12845.0,12844.0,12845.0,12845.0,12845.0,12845.0,12845.0,12845.0,12845.0,12845.0,12845.0,12845.0,12845.0,12957.0,13082.0,13082.0,13156.0,13158.0,,13158.0,13158.0,13158.0,13158.0,13166.0,13166.0,13166.0,13166.0,,13174.0,13174.0,13174.0,13174.0,13174.0,13174.0,13174.0,13243.0,13371.0,13502.0,13615.0,13640.0,13640.0,13639.0,13640.0,13640.0,13640.0,13648.0,13648.0,13648.0,13665.0,13674.0,13674.0,13673.0,13673.0,13674.0,13674.0,13674.0,13674.0,13674.0,13674.0,13674.0,13674.0,13674.0,13674.0,13674.0,13674.0,13674.0,13674.0,13674.0,13674.0,13674.0,13674.0,13673.0,13674.0,13674.0,13674.0,13674.0,13674.0,13674.0,13674.0,13674.0,13674.0,13674.0,13674.0,13674.0,13674.0,13674.0,13674.0,13674.0,13674.0,13674.0,13674.0,13674.0,13674.0,13674.0,13674.0,13674.0,13674.0,13674.0,13674.0,13674.0,13674.0,13674.0,13674.0,13674.0,13674.0,13695.0,13787.0,13787.0,13787.0,13869.0,13922.0,14019.0,14019.0,14019.0,14019.0,14019.0,14019.0,14019.0,14019.0,14019.0,14019.0,14019.0,14019.0,14019.0,14043.0,14154.0,14266.0,14376.0,14492.0,14601.0,14718.0,14833.0,14953.0,15058.0,15062.0,15062.0,,15076.0,15076.0,15076.0,15076.0,15086.0,15086.0,15086.0,15086.0,15086.0,15086.0,15086.0,15086.0,15086.0,15099.0,15099.0,15138.0,15138.0,15138.0,15138.0,15138.0,15184.0,15291.0,15388.0,15418.0,15461.0,15559.0,15604.0,15643.0,15643.0,15643.0,15643.0,15643.0,15643.0,15643.0,15643.0,15643.0,15654.0,15662.0,15666.0,15666.0,15666.0,15697.0,15742.0,15762.0,15774.0,,15919.0,16015.0,16132.0,16243.0,16343.0,16427.0,16441.0,16441.0,16441.0,16441.0,16441.0,16467.0,16475.0,16475.0,16487.0,16487.0,,16489.0,16491.0,16546.0,16572.0,16588.0,16589.0,16589.0,16589.0,16589.0,16589.0,16604.0,16618.0,,16618.0,16618.0,16618.0,16643.0,16734.0,16854.0,16956.0,17058.0,17152.0,17242.0,17307.0,17342.0,17359.0,17385.0,17385.0,17433.0,17521.0,17635.0,17743.0,17765.0,17858.0,17984.0,18103.0,18215.0,18340.0,18467.0,18601.0,18735.0,18843.0,18948.0,19042.0,19172.0,19198.0,19198.0,19198.0,19197.0,19198.0,19198.0,19198.0,19198.0,19198.0,19198.0,19198.0,19198.0,19198.0,19198.0,19198.0,19198.0,19198.0,19198.0,19198.0,19200.0,19200.0,19200.0,19199.0,19200.0,19200.0,19200.0,19200.0,19200.0,19200.0,19200.0,19200.0,19200.0,19200.0,19200.0,19200.0,19200.0,19200.0,19200.0,19200.0,19201.0,19201.0,19201.0,19201.0,19201.0,19201.0,19201.0,19201.0,19201.0,19201.0,19201.0,19201.0,19201.0,19214.0,19218.0,19218.0,19224.0,19237.0,19237.0,19237.0,19237.0,19237.0,19237.0,19237.0,19237.0,19237.0,19237.0,19237.0,19250.0,19263.0,19264.0,19264.0,19264.0,19322.0,19440.0,19473.0,19507.0,19612.0,19723.0,19730.0,19730.0,19738.0,19758.0,19812.0,19855.0,19932.0,19989.0,20015.0,20023.0,20023.0,20023.0,20048.0,20085.0,20101.0,20120.0,20119.0,20136.0,20136.0,20185.0,20291.0,20401.0,20511.0,20618.0,20731.0,20844.0,20963.0,21083.0,21197.0,21250.0,21250.0,21250.0,21250.0,21265.0,21265.0,21306.0,21400.0,21512.0,21613.0,21658.0,21738.0,21763.0,21795.0,21815.0,21853.0,21854.0,21906.0,21916.0,21980.0,22010.0,22094.0,22115.0,22115.0,22115.0,22115.0,22115.0,22115.0,22115.0,22186.0,22212.0,22213.0,22213.0,22281.0,22381.0,22495.0,22610.0,22717.0,22804.0,22898.0,22903.0,22903.0,22903.0,22911.0,22922.0,22933.0,22957.0,22957.0,22957.0,22957.0,22957.0,22957.0,22957.0,22956.0,22956.0,22957.0,22957.0,22957.0,22957.0,22957.0,22957.0,22957.0,22957.0,22957.0,22957.0,22957.0,22957.0,22957.0,22958.0,22958.0,22958.0,22958.0,22958.0,22958.0,22958.0,23035.0,23122.0,23176.0,23176.0,23218.0,23283.0,,,,,,,,,,,,,,,,,,,,,,,,,,,,,,,,,,,,,,,,,,,,,,,,,,,,,,,,,,,,,,,,,,,,,,,
2020-11-07,ios,,,,,,,,,,,,,,,,,,,,,,,,,,,,,,,,,,,,,,,,,,,,,,,,,,,,,,,,,,,,,,,,,,,,,,,,,,,,,,,,,,,,,,,,,,,,,,,,,,,,,,,,,,,,,,,,,,,,,,,,,,,,,,,,,,,,,,,,,,,,,,,,,,,,,,,,,,,,,,,,,,,,,,,,,,,,,,,,,,,,,,,,,,,,,,,,,,,,,,,,,,,,,,,,,,,,,,,,,,,,,,,,,,,,,,,,,,,,,,,,,,,,,,,,,,,,,,,,,,,,,,,,,,,,,,,,,,,,,,,,,,,,,,,,,,,,,,,,,,,,,,,,,,,,,,,,,,,,,,,,,,,,,,,,,,,,,,,,,,,,,,,,,,,,,,,,,,,,,,,,,,,,,,,,,,,,,,,,,,,,,,,,,,,,,,,,,,,,,,,,,,,,,,,,,,,,,,,,,,,,,,,,,,,,,,,,,,,,,,,,,,,,,,,,,,,,,,,,,,,,,,,,,,,,,,,,,,,,,,,,,,,,,,,,,,,,,,,,,,,,,,,,,,,,,,,,,,,,,,,,,,,,,,,,,,,,,,,,,,,,,,,,,,,,,,,,,,,,,,,,,,,,,,,,,,,,34.0,,53.0,53.0,53.0,71.0,71.0,,71.0,70.0,71.0,71.0,71.0,71.0,71.0,71.0,71.0,71.0,71.0,71.0,71.0,71.0,,71.0,71.0,71.0,,71.0,71.0,71.0,,71.0,71.0,71.0,,71.0,71.0,71.0,71.0,71.0,71.0,71.0,71.0,71.0,71.0,71.0,70.0,71.0,71.0,71.0,71.0,71.0,71.0,71.0,71.0,71.0,71.0,71.0,71.0,,71.0,71.0,71.0,71.0,71.0,71.0,71.0,71.0,71.0,71.0,71.0,71.0,71.0,71.0,71.0,71.0,71.0,71.0,71.0,71.0,71.0,71.0,71.0,71.0,71.0,71.0,71.0,71.0,71.0,71.0,71.0,71.0,71.0,71.0,71.0,71.0,71.0,71.0,71.0,71.0,71.0,71.0,71.0,71.0,71.0,71.0,71.0,71.0,71.0,71.0,71.0,71.0,71.0,71.0,71.0,71.0,71.0,71.0,71.0,71.0,71.0,71.0,71.0,71.0,71.0,71.0,71.0,71.0,71.0,71.0,71.0,71.0,71.0,71.0,80.0,135.0,230.0,331.0,369.0,445.0,483.0,483.0,483.0,483.0,483.0,483.0,483.0,483.0,483.0,483.0,509.0,605.0,700.0,799.0,887.0,902.0,902.0,902.0,902.0,902.0,902.0,902.0,902.0,902.0,901.0,902.0,902.0,902.0,902.0,902.0,902.0,902.0,902.0,901.0,902.0,902.0,902.0,902.0,902.0,902.0,902.0,902.0,901.0,902.0,902.0,902.0,902.0,902.0,902.0,902.0,902.0,902.0,902.0,902.0,902.0,902.0,902.0,902.0,902.0,902.0,902.0,902.0,902.0,902.0,901.0,902.0,902.0,902.0,902.0,902.0,902.0,902.0,902.0,902.0,902.0,902.0,902.0,902.0,902.0,902.0,902.0,902.0,902.0,902.0,902.0,902.0,902.0,902.0,902.0,902.0,902.0,902.0,902.0,902.0,902.0,902.0,902.0,902.0,902.0,902.0,902.0,902.0,902.0,902.0,902.0,902.0,902.0,902.0,902.0,902.0,902.0,902.0,902.0,902.0,902.0,902.0,902.0,902.0,902.0,902.0,902.0,902.0,902.0,902.0,902.0,902.0,902.0,902.0,902.0,902.0,902.0,902.0,902.0,926.0,927.0,927.0,927.0,926.0,927.0,927.0,927.0,927.0,927.0,927.0,927.0,927.0,927.0,927.0,927.0,927.0,927.0,927.0,927.0,927.0,927.0,927.0,927.0,927.0,927.0,927.0,927.0,927.0,926.0,927.0,927.0,927.0,927.0,927.0,927.0,927.0,927.0,927.0,927.0,927.0,927.0,927.0,927.0,927.0,927.0,927.0,927.0,927.0,927.0,927.0,927.0,927.0,927.0,927.0,927.0,927.0,927.0,927.0,927.0,927.0,927.0,927.0,927.0,927.0,927.0,927.0,927.0,927.0,927.0,927.0,927.0,927.0,927.0,927.0,927.0,927.0,927.0,927.0,978.0,1085.0,1194.0,1303.0,1406.0,1511.0,1530.0,1530.0,1530.0,1633.0,1664.0,1739.0,1776.0,1776.0,1821.0,1863.0,1863.0,1863.0,1863.0,1863.0,1863.0,1884.0,1934.0,1934.0,1934.0,1934.0,1996.0,2053.0,2144.0,2253.0,2355.0,2464.0,2573.0,2653.0,2674.0,2719.0,2719.0,2719.0,2811.0,2895.0,2998.0,3101.0,3210.0,3274.0,3275.0,3308.0,3312.0,3327.0,3385.0,3467.0,3479.0,3479.0,3479.0,3479.0,3479.0,3479.0,,,,,,,,,,,,,,,,,,,,,,,,,,,,,,,,,,,,,,,,,,,,,,,,,,,,,,,,,,,,,,,,,,,,,,,,,,,,,,,,,,,,,,,,,,,,,,,,,,,,,,,,,,,,,,,,,,,,,,,,,,,,,,,,,,,,,,,,,,,,,,,,,,,,,,,,,,,,,,,,,,,,,,,,,,,,,,,,,,,,,,,,,,,,,,,,,,,,,,,,,,,,,,,,,,,,,,,,,,,,,,,,,,,,,,,,,,,,,,,,,,,,,,,,,,,,,,,,,,,,,,,,,,,,,,,,,,,,,,,,,,,,,,,,,,,,,,,,,,,,,,,,,,,,,,,,,,,,,,,,,,,,,,,,,,,,,,,,,,,,,,,,,,,,,,,,,,,,,,,,,,,,,,,,,,,,,,,,,,,,,,,,,,,,,,,,,,,,,,,,,,,,,,,,,,,,,,,,,,,,,,,,,,,,,,,,,,,,,,,,,,,,,,,,,,,,,,,,,,,,,
2020-11-09,ios,,,,,,,,,,,,,,,,,,,,,,,,,,,,,,,,,,,,,,,,,,,,,,,,,,,,,,,,,,,,,,,,,,,,,,,,,,,,,,,,,,,,,,,,,,,,,,,,,,,,,,,,,,,,,,,,,,,,,,,,,,,,,,,,,,,,,,,,,,,,,,,,,,,,,,,,,,,,,,,,,,,,,,,,,,,,,,,,,,,,,,,,,,,,,,,,,,,,,,,,,,,,,,,,,,,,,,,,,,,,,,,,,,,,,,,,,,,,,,,,,,,,,,,,,,,,,,,,,,,,,,,,,,,,,,,,,,,,,,,,,,,,,,,,,,,,,,,,,,,,,,,,,,,,,,,,,,,,,,,,,,,,,,,,,,,,,,,,,,,,,,,,,,,,,,,,,,,,,,,,,,,,,,,,,,,,,,,,,,,,,,,,,,,,,,,,,,,,,,,,,,,,,,,,,,,,,,,,,,,,,,,,,,,,,,,,,,,,,,,,,,,,,,,,,,,,,,,,,,,,,,,,,,,,,,,,,,,,,,,,,,,,,,,,,,,,,,,,,,,,,,,,,,,,,,,,,,,,,,,,,,,,,,,,,,,,,,,,,,,,,,,,,,,,,,,,,,,,,,,,,,,,,,,,,,46.0,50.0,51.0,87.0,122.0,126.0,125.0,126.0,126.0,125.0,,126.0,126.0,126.0,126.0,130.0,167.0,192.0,238.0,238.0,238.0,238.0,238.0,238.0,238.0,238.0,238.0,238.0,238.0,238.0,238.0,237.0,238.0,238.0,238.0,238.0,238.0,238.0,238.0,238.0,238.0,238.0,238.0,238.0,238.0,238.0,238.0,238.0,238.0,238.0,306.0,320.0,320.0,,320.0,320.0,320.0,320.0,320.0,320.0,,320.0,320.0,320.0,,320.0,320.0,320.0,320.0,320.0,320.0,,320.0,320.0,320.0,320.0,319.0,320.0,320.0,320.0,320.0,320.0,320.0,320.0,320.0,320.0,320.0,320.0,320.0,320.0,320.0,320.0,320.0,320.0,320.0,320.0,320.0,320.0,320.0,320.0,320.0,320.0,320.0,320.0,320.0,320.0,320.0,320.0,320.0,320.0,320.0,325.0,427.0,427.0,427.0,427.0,427.0,427.0,427.0,427.0,427.0,427.0,427.0,427.0,427.0,427.0,427.0,427.0,439.0,439.0,439.0,439.0,439.0,439.0,439.0,,479.0,519.0,539.0,539.0,539.0,539.0,539.0,539.0,539.0,539.0,600.0,630.0,630.0,672.0,750.0,799.0,851.0,886.0,941.0,941.0,995.0,995.0,,995.0,995.0,995.0,995.0,995.0,995.0,994.0,995.0,995.0,,995.0,995.0,995.0,995.0,995.0,995.0,995.0,995.0,995.0,995.0,995.0,995.0,995.0,995.0,995.0,995.0,995.0,995.0,995.0,995.0,995.0,995.0,995.0,995.0,995.0,995.0,995.0,995.0,1022.0,1097.0,1156.0,1156.0,1156.0,1156.0,1156.0,1156.0,1156.0,1236.0,1354.0,1386.0,1386.0,1425.0,1519.0,1519.0,1519.0,1519.0,1519.0,1519.0,1519.0,1519.0,1519.0,1519.0,1519.0,1519.0,1519.0,1519.0,1519.0,1519.0,1519.0,1519.0,1519.0,1519.0,1519.0,1519.0,1519.0,1519.0,1519.0,1519.0,1519.0,1519.0,1519.0,1519.0,1519.0,1519.0,1519.0,1519.0,1519.0,1519.0,1519.0,1519.0,1519.0,1519.0,1519.0,1519.0,1519.0,1519.0,1519.0,1519.0,1519.0,1519.0,1519.0,1519.0,1519.0,1519.0,1519.0,1519.0,1519.0,1519.0,1519.0,1519.0,1578.0,1679.0,1748.0,1747.0,1748.0,1748.0,1748.0,1748.0,1748.0,1748.0,1748.0,1748.0,1805.0,1821.0,1821.0,1821.0,1821.0,1821.0,1821.0,1821.0,1880.0,1929.0,2021.0,2031.0,2031.0,2068.0,2107.0,2183.0,,2191.0,2191.0,2191.0,2191.0,2191.0,2191.0,2191.0,,2191.0,2191.0,2191.0,2191.0,2191.0,2191.0,2191.0,2191.0,2191.0,2191.0,2191.0,2191.0,2191.0,2191.0,2191.0,2191.0,2191.0,2191.0,2191.0,2191.0,2191.0,2191.0,2191.0,2191.0,2191.0,2191.0,2191.0,2191.0,2191.0,2191.0,2191.0,2191.0,2191.0,,2201.0,2201.0,2219.0,2326.0,2439.0,,2669.0,,2897.0,3005.0,3115.0,3228.0,3321.0,3333.0,3333.0,3338.0,,3348.0,3348.0,3348.0,3360.0,3392.0,3478.0,3584.0,3679.0,3793.0,3904.0,4020.0,4131.0,4252.0,4374.0,4483.0,4565.0,4565.0,4565.0,4565.0,4565.0,4602.0,4633.0,4728.0,4834.0,4944.0,5055.0,5160.0,5264.0,5378.0,5469.0,5518.0,5616.0,5616.0,5718.0,5820.0,5871.0,5871.0,5871.0,5933.0,6045.0,6145.0,6217.0,6328.0,6442.0,6557.0,6613.0,6614.0,6615.0,6615.0,6615.0,6615.0,6615.0,6615.0,6615.0,6615.0,6724.0,6840.0,6956.0,7074.0,7184.0,7290.0,7401.0,7508.0,7614.0,7723.0,7834.0,7943.0,8037.0,8081.0,8093.0,8126.0,8228.0,8324.0,8375.0,8442.0,8494.0,8516.0,8635.0,8747.0,8853.0,8960.0,9015.0,9015.0,9015.0,,9014.0,9015.0,9015.0,,9015.0,9015.0,,9015.0,9015.0,9015.0,9015.0,9015.0,9015.0,9015.0,9015.0,9015.0,9015.0,9015.0,9015.0,9015.0,9015.0,9015.0,9015.0,9015.0,9015.0,9015.0,9015.0,9015.0,9015.0,9015.0,9015.0,9015.0,9015.0,9104.0,9176.0,9201.0,9201.0,9201.0,9286.0,9394.0,9448.0,9488.0,9584.0,9613.0,9613.0,9613.0,9613.0,9613.0,9613.0,,,,,,,,,,,,,,,,,,,,,,,,,,,,,,,,,,,,,,,,,,,,,,,,,,,,,,,,,,,,,,,,,,,,,,,,,,,,,,,,,,,,,,,,,,,,,,,,,,,,,,,,,,,,,,,,,,,,,,,,,,,,,,,,,,,,,,,,,,,,,,,,,,,,,,,,,,,,,,,,,,,,,,,,,,,,,,,,,,,,,,,,,,,,,,,,,,,,,,,,,,,,,,,,,,,,,,,,,,,,,,,,,,,,,,,,,,,,,,,,,,,,,,,,,,,,,,,,,,,,,,,,,,,,,,,,,,,,,,,,,,,,,,,,,,,,,,,,,,,,,,,,,,,,,,,,,,,,,,,,,,,,,,,,,,,,,,,,,,,,,,,,,,,,,,,,,,,,,,,,,,,,,,,,,,,,,,,,,,,,
2020-11-10,ios,,,,,,,,,,,,,58.0,121.0,121.0,121.0,121.0,121.0,121.0,121.0,121.0,121.0,121.0,121.0,121.0,121.0,121.0,121.0,,121.0,120.0,,121.0,120.0,,120.0,121.0,121.0,121.0,121.0,121.0,121.0,,121.0,121.0,121.0,121.0,121.0,121.0,121.0,121.0,121.0,121.0,121.0,121.0,121.0,121.0,121.0,121.0,121.0,121.0,121.0,121.0,121.0,121.0,,120.0,,120.0,121.0,,120.0,121.0,,121.0,121.0,121.0,121.0,120.0,121.0,121.0,,121.0,121.0,121.0,121.0,121.0,121.0,121.0,121.0,121.0,121.0,121.0,121.0,121.0,121.0,121.0,121.0,121.0,121.0,121.0,121.0,121.0,121.0,121.0,121.0,121.0,121.0,121.0,121.0,121.0,121.0,,121.0,121.0,121.0,121.0,121.0,121.0,121.0,121.0,121.0,121.0,121.0,121.0,121.0,121.0,121.0,121.0,121.0,121.0,121.0,121.0,121.0,121.0,121.0,121.0,121.0,121.0,121.0,,121.0,120.0,,120.0,121.0,121.0,120.0,,121.0,121.0,,121.0,121.0,121.0,121.0,121.0,121.0,121.0,121.0,121.0,121.0,121.0,121.0,121.0,121.0,121.0,121.0,121.0,121.0,121.0,121.0,121.0,121.0,121.0,121.0,121.0,121.0,121.0,121.0,121.0,121.0,121.0,121.0,121.0,121.0,121.0,121.0,121.0,121.0,121.0,121.0,121.0,121.0,121.0,121.0,121.0,121.0,121.0,121.0,121.0,121.0,121.0,121.0,121.0,121.0,121.0,121.0,121.0,121.0,121.0,121.0,121.0,120.0,121.0,121.0,121.0,121.0,120.0,121.0,121.0,121.0,121.0,121.0,121.0,120.0,121.0,121.0,121.0,121.0,120.0,121.0,121.0,121.0,121.0,121.0,121.0,121.0,121.0,121.0,121.0,121.0,121.0,121.0,121.0,121.0,121.0,121.0,121.0,121.0,121.0,121.0,121.0,121.0,121.0,121.0,121.0,121.0,121.0,121.0,121.0,121.0,121.0,121.0,121.0,121.0,121.0,121.0,121.0,121.0,121.0,121.0,121.0,121.0,121.0,121.0,121.0,121.0,121.0,121.0,121.0,121.0,121.0,121.0,121.0,121.0,121.0,121.0,121.0,121.0,121.0,121.0,121.0,121.0,121.0,121.0,121.0,121.0,121.0,121.0,121.0,121.0,121.0,121.0,121.0,121.0,121.0,121.0,121.0,121.0,121.0,121.0,121.0,121.0,121.0,121.0,121.0,121.0,121.0,121.0,121.0,121.0,121.0,121.0,121.0,121.0,121.0,121.0,121.0,121.0,121.0,121.0,121.0,121.0,121.0,121.0,121.0,121.0,121.0,121.0,121.0,121.0,121.0,121.0,121.0,121.0,121.0,121.0,121.0,121.0,121.0,121.0,121.0,121.0,121.0,121.0,121.0,121.0,121.0,121.0,121.0,121.0,121.0,121.0,121.0,121.0,121.0,121.0,121.0,121.0,121.0,121.0,121.0,121.0,121.0,121.0,121.0,121.0,121.0,121.0,121.0,121.0,121.0,121.0,121.0,121.0,121.0,121.0,121.0,121.0,121.0,121.0,121.0,121.0,121.0,121.0,121.0,121.0,121.0,121.0,121.0,121.0,121.0,121.0,121.0,121.0,121.0,121.0,121.0,121.0,121.0,121.0,121.0,121.0,121.0,121.0,121.0,121.0,121.0,121.0,121.0,121.0,121.0,121.0,121.0,121.0,121.0,121.0,121.0,121.0,121.0,121.0,121.0,121.0,121.0,121.0,121.0,121.0,121.0,121.0,121.0,121.0,121.0,121.0,121.0,121.0,121.0,121.0,121.0,121.0,121.0,121.0,121.0,121.0,121.0,121.0,121.0,121.0,121.0,121.0,121.0,121.0,121.0,121.0,121.0,121.0,121.0,121.0,121.0,121.0,121.0,121.0,121.0,121.0,121.0,121.0,121.0,121.0,121.0,121.0,121.0,121.0,121.0,121.0,121.0,121.0,121.0,121.0,121.0,121.0,121.0,121.0,121.0,121.0,121.0,121.0,121.0,121.0,121.0,121.0,121.0,121.0,121.0,121.0,121.0,121.0,121.0,121.0,121.0,121.0,121.0,121.0,121.0,121.0,121.0,121.0,121.0,121.0,121.0,121.0,121.0,121.0,121.0,121.0,121.0,121.0,121.0,121.0,121.0,121.0,121.0,121.0,121.0,121.0,121.0,121.0,121.0,121.0,121.0,121.0,121.0,121.0,121.0,121.0,121.0,121.0,121.0,121.0,121.0,121.0,121.0,121.0,121.0,121.0,121.0,121.0,121.0,121.0,121.0,121.0,121.0,121.0,121.0,121.0,121.0,121.0,121.0,121.0,128.0,175.0,175.0,186.0,185.0,186.0,200.0,212.0,212.0,212.0,300.0,,372.0,372.0,372.0,372.0,,372.0,371.0,372.0,372.0,372.0,372.0,,372.0,372.0,372.0,372.0,372.0,372.0,,372.0,372.0,372.0,372.0,372.0,372.0,,372.0,372.0,372.0,372.0,372.0,372.0,,372.0,372.0,372.0,372.0,372.0,372.0,,372.0,372.0,372.0,371.0,372.0,372.0,372.0,372.0,372.0,372.0,372.0,372.0,372.0,371.0,372.0,372.0,372.0,372.0,372.0,372.0,372.0,372.0,372.0,372.0,372.0,372.0,372.0,372.0,372.0,372.0,372.0,372.0,372.0,372.0,372.0,372.0,372.0,372.0,372.0,372.0,372.0,372.0,372.0,372.0,372.0,372.0,372.0,372.0,372.0,372.0,372.0,372.0,372.0,372.0,372.0,372.0,372.0,372.0,372.0,372.0,372.0,372.0,372.0,372.0,372.0,372.0,372.0,372.0,372.0,372.0,372.0,372.0,372.0,372.0,372.0,372.0,372.0,372.0,372.0,372.0,372.0,372.0,401.0,451.0,535.0,640.0,733.0,,880.0,931.0,1017.0,1111.0,1227.0,1326.0,1424.0,1532.0,1627.0,1713.0,1809.0,1916.0,1989.0,2065.0,2145.0,2251.0,2312.0,2359.0,2359.0,2359.0,2359.0,2359.0,2359.0,2359.0,2359.0,2358.0,2359.0,2359.0,2359.0,2359.0,2359.0,2359.0,2359.0,2359.0,2359.0,2359.0,2359.0,2359.0,2359.0,2359.0,2359.0,2359.0,2359.0,2359.0,2359.0,2359.0,2359.0,2359.0,2359.0,2359.0,2359.0,2358.0,2359.0,2359.0,2359.0,2359.0,2359.0,2359.0,2359.0,2359.0,2359.0,2359.0,2359.0,2359.0,2359.0,2359.0,2359.0,2359.0,2359.0,2359.0,2359.0,2359.0,2359.0,2359.0,2359.0,2359.0,2359.0,2359.0,2359.0,2359.0,2359.0,2359.0,2359.0,2359.0,2359.0,2359.0,2359.0,2359.0,2359.0,2359.0,2359.0,2359.0,2359.0,2359.0,2359.0,2359.0,2359.0,2359.0,2359.0,2359.0,2420.0,2525.0,2646.0,2757.0,2861.0,2958.0,3047.0,3138.0,3242.0,3358.0,3397.0,3417.0,3478.0,3529.0,3569.0,3630.0,3647.0,3681.0,3754.0,3865.0,3976.0,4088.0,4194.0,4307.0,4414.0,,4588.0,4697.0,4805.0,4878.0,4993.0,5056.0,5072.0,5072.0,5072.0,5072.0,5072.0,5072.0,5072.0,5072.0,5072.0,5072.0,5072.0,5072.0,5072.0,5072.0,5072.0,5072.0,5072.0,5072.0,5072.0,5072.0,5072.0,5072.0,5072.0,5097.0,,,5111.0,5114.0,5126.0,5126.0,5126.0,5126.0,5126.0,5126.0,5126.0,5126.0,5126.0,5126.0,5126.0,5126.0,5126.0,5126.0,5126.0,5126.0,5126.0,5126.0,5126.0,5126.0,5126.0,5126.0,5126.0,5126.0,5126.0,5126.0,5126.0,5126.0,5126.0,5126.0,5126.0,5126.0,5126.0,5126.0,5126.0,5126.0,5126.0,5126.0,5126.0,5126.0,5126.0,5126.0,5126.0,5126.0,5126.0,5126.0,5126.0,5126.0,5126.0,5126.0,5126.0,5126.0,5126.0,5126.0,5126.0,5126.0,5126.0,5126.0,5126.0,,5134.0,5134.0,5174.0,5232.0,5232.0,5252.0,5318.0,5318.0,5426.0,5483.0,5483.0,5483.0,5483.0,5483.0,5483.0,5483.0,5483.0,5492.0,5492.0,5492.0,5492.0,5491.0,5492.0,5492.0,5492.0,5492.0,5492.0,5492.0,5492.0,5492.0,5492.0,5492.0,5492.0,5492.0,5492.0,5492.0,5492.0,5492.0,5492.0,5492.0,5500.0,5518.0,5518.0,5518.0,5518.0,5518.0,5522.0,5543.0,5587.0,5667.0,5669.0,5669.0,5669.0,5669.0,5669.0,5669.0,5669.0,5723.0,5723.0,,,5769.0,5769.0,5769.0,5769.0,5769.0,5769.0,5769.0,5769.0,5769.0,5769.0,5769.0,5769.0,5769.0,5777.0,5786.0,5786.0,5786.0,5786.0,5786.0,5786.0,5786.0,5786.0,5786.0,5786.0,5786.0,5786.0,5786.0,5786.0,5786.0,5786.0,5786.0,5786.0,5798.0,5798.0,5820.0,5854.0,5867.0,5866.0,5867.0,5867.0,5867.0,5867.0,5867.0,5867.0,5867.0,5867.0,5867.0,5873.0,5883.0,5883.0,5883.0,5883.0,5883.0,5883.0,5962.0,5963.0,5979.0,5979.0,5979.0,5979.0,5979.0,5991.0,5991.0,5991.0,5990.0,5991.0,5991.0,5991.0,5991.0,5991.0,5991.0,5991.0,5991.0,5991.0,5991.0,5991.0,5991.0,5991.0,5991.0,5991.0,6002.0,6002.0,6002.0,6015.0,6015.0,6015.0,,6015.0,6015.0,6015.0,6015.0,6015.0,6015.0,6015.0,6015.0,6083.0,6130.0,6173.0,6207.0,6207.0,6207.0,6207.0,6207.0,6226.0,6265.0,6278.0,6306.0,6402.0,6477.0,6510.0,6559.0,6610.0,6627.0,6627.0,6650.0,6746.0,6824.0,6868.0,6969.0,7001.0,7004.0,7004.0,7054.0,7087.0,7087.0,7131.0,7228.0,7298.0,7384.0,7485.0,7584.0,7685.0,7764.0,7843.0,7948.0,8056.0,8162.0,8179.0,8269.0,8338.0,8377.0,8377.0,8377.0,8377.0,8377.0,8377.0,8376.0,8377.0,8377.0,8377.0,8377.0,8377.0,8377.0,8377.0,8377.0,8377.0,8412.0,8453.0,8453.0,8453.0,8531.0,8627.0,8724.0,8821.0,8894.0,8906.0,9012.0,9063.0,9140.0,9202.0,9274.0,9364.0,9416.0,9416.0,9416.0,9416.0,9442.0,9488.0,9528.0,9581.0,9647.0,9679.0,9724.0,9724.0,9724.0,9749.0,9749.0,9749.0,9801.0,9895.0,9981.0,10082.0,10184.0,10293.0,10403.0,10510.0,10611.0,10716.0,10813.0,10903.0,10986.0,11071.0,11142.0,11166.0,11199.0,,11205.0,11205.0,11204.0,11205.0,11205.0,11205.0,11205.0,11221.0,11269.0,11300.0,11321.0,11408.0,11460.0,11541.0,11640.0,11716.0,11770.0,11871.0,11975.0,12064.0,12168.0,,,,,,,,,,,,,,,,,,,,,,,,,,,,,,,,,,,,,,,,,,,,,,,,,,,,,,,,,,,,,,,,,,,,,,,,,,,,,,,,,,,,,,,,,,,,,,,,,,,,,,,,,,,,,,,,,,,,,,,,,,,,,,,,,,,,,,,,,,,,,,,,,,,,,,,,,,,,,,,,,,,,,,,,,,,,,,,,,,,,,,,,,,,,,,,,,,,,,,,,,,,,,,,,,,,,,,,,,,,,,,,,
2020-11-12,ios,,,,,,,,,,,,,,,,,,,,,,,,,,,,,,,,,,,,,,,,,,,,,,,,,,,,,,,,,,,,,,,,,,,,,,,,,,,,,,,,,,,,,,,,,,,,,,,,,,,,,,,,,,,,,,,,,,,,,,,,,,,,,,,,,,,,,,,,,,,,,,,,,,,,,,,,,,,,,,,,,,,,,,,,,,,,,,,,,,,,,,,,,,,,,,,,,,,,,,,,,,,,,,,,,,,,,,,,,,,,,,,,,,,,,,,,,,,,,,,,,,,,,,,,,,,,,,,,,,,,,,,,,,,,,,,,,,,,,,,,,,,,,,,,,,,,,,,,,,,,,,,,,,,,,,,,,,,,,,,,,,,,,,,,,,,,,,,,,,,,,,,,,,,,,,,,,,,,,,,,,,,,,,,,,,,,,,,,,,,,,,,,,,,,,,,,,,,,,,,,,,,,,,,,,,,,,,,,,,,,,,,,,,,,,,,,,,,,,,,,,,,,,,,,,,,,,,,,,,,,,,,,,,,,,,,,,,,,,,,,,,,,,,,,,,,,,,,,,,,,,,,,,,,,,,,,,,,,,,,,,3.0,99.0,196.0,311.0,427.0,470.0,472.0,473.0,473.0,473.0,492.0,604.0,627.0,657.0,695.0,735.0,735.0,735.0,735.0,735.0,735.0,735.0,735.0,735.0,735.0,735.0,735.0,735.0,745.0,774.0,773.0,,774.0,774.0,774.0,774.0,774.0,,817.0,817.0,817.0,817.0,817.0,,817.0,817.0,817.0,816.0,817.0,817.0,816.0,817.0,817.0,,817.0,817.0,817.0,817.0,817.0,817.0,817.0,817.0,817.0,817.0,817.0,817.0,817.0,817.0,817.0,817.0,817.0,817.0,817.0,817.0,817.0,817.0,817.0,817.0,817.0,817.0,817.0,817.0,817.0,817.0,817.0,817.0,817.0,817.0,817.0,817.0,817.0,817.0,817.0,817.0,817.0,817.0,817.0,817.0,817.0,817.0,817.0,817.0,817.0,817.0,817.0,817.0,817.0,817.0,817.0,844.0,929.0,951.0,993.0,993.0,993.0,993.0,993.0,993.0,1004.0,1004.0,1004.0,1004.0,1004.0,1004.0,1003.0,1004.0,1004.0,1003.0,1004.0,1004.0,1004.0,1004.0,1004.0,1004.0,1004.0,1004.0,1004.0,1004.0,1004.0,1004.0,1004.0,1004.0,1004.0,1004.0,1004.0,1004.0,1004.0,1076.0,1121.0,1121.0,1207.0,1230.0,1236.0,1236.0,1236.0,1252.0,1252.0,1252.0,1275.0,1275.0,1275.0,1275.0,1295.0,1299.0,1299.0,1299.0,1299.0,1298.0,1299.0,1299.0,1299.0,1299.0,1299.0,1299.0,1299.0,1299.0,1299.0,1299.0,1368.0,1372.0,1383.0,1383.0,1398.0,1410.0,1410.0,1452.0,1498.0,1517.0,1517.0,1533.0,1590.0,1608.0,1608.0,1609.0,1610.0,1610.0,1609.0,1610.0,1610.0,1609.0,1610.0,1610.0,1610.0,1610.0,1610.0,1609.0,1610.0,1610.0,1610.0,1610.0,1610.0,1610.0,1610.0,1610.0,1610.0,1610.0,1610.0,1610.0,1610.0,1610.0,1610.0,1610.0,1610.0,1610.0,1610.0,1610.0,1610.0,1610.0,1610.0,1610.0,1610.0,1610.0,1610.0,1610.0,1610.0,1610.0,1610.0,1610.0,1610.0,1609.0,1619.0,1677.0,1774.0,1880.0,1985.0,2080.0,2185.0,2282.0,2322.0,2322.0,2414.0,2512.0,2619.0,2725.0,2836.0,2943.0,3053.0,3165.0,3277.0,3384.0,3493.0,3603.0,3672.0,3702.0,3720.0,3786.0,3791.0,3791.0,3791.0,3791.0,3791.0,3791.0,3791.0,3791.0,3791.0,3791.0,3791.0,3791.0,3791.0,3791.0,3791.0,3791.0,3791.0,3791.0,3791.0,3791.0,3791.0,3791.0,3791.0,3791.0,3791.0,3791.0,3791.0,3791.0,3791.0,3791.0,3791.0,3791.0,3791.0,3791.0,3791.0,3791.0,3791.0,3791.0,3791.0,3795.0,3822.0,3909.0,3927.0,3927.0,3934.0,3981.0,4036.0,4130.0,4204.0,4255.0,4275.0,4321.0,4391.0,4413.0,4440.0,4440.0,4440.0,4440.0,4440.0,4440.0,4440.0,4440.0,4440.0,4440.0,4440.0,4440.0,4440.0,4440.0,4440.0,4440.0,4440.0,4440.0,4440.0,4440.0,4440.0,4440.0,4440.0,4440.0,4440.0,4440.0,4440.0,4440.0,4440.0,4440.0,4440.0,4440.0,4440.0,4440.0,4440.0,4440.0,4440.0,4440.0,4440.0,4440.0,4440.0,4440.0,4440.0,4440.0,4440.0,4440.0,4440.0,4440.0,4440.0,4440.0,4440.0,4440.0,4440.0,4440.0,4440.0,4440.0,4440.0,4507.0,4604.0,4702.0,4800.0,4903.0,4997.0,5101.0,5206.0,5282.0,5304.0,5383.0,5494.0,5604.0,5715.0,5818.0,5866.0,5954.0,6064.0,6176.0,6287.0,6335.0,6367.0,6384.0,6384.0,6384.0,6383.0,6384.0,6384.0,6384.0,6384.0,6384.0,6384.0,6384.0,6383.0,6384.0,6384.0,6384.0,6384.0,6384.0,6383.0,6384.0,6384.0,6384.0,6384.0,6384.0,6384.0,6384.0,6384.0,6384.0,6384.0,6384.0,6384.0,6384.0,6384.0,6384.0,6384.0,6384.0,6384.0,6384.0,6384.0,6384.0,6384.0,6384.0,6384.0,6384.0,6384.0,6384.0,6384.0,6384.0,6384.0,6384.0,6384.0,6384.0,6384.0,6384.0,6384.0,6384.0,6384.0,6384.0,6384.0,6384.0,6384.0,6384.0,6384.0,6384.0,6384.0,6384.0,6384.0,6392.0,6401.0,6401.0,6401.0,6401.0,6401.0,6401.0,6400.0,6401.0,6401.0,6401.0,6401.0,6401.0,6401.0,6401.0,6401.0,6401.0,6401.0,6400.0,6401.0,6401.0,6401.0,6401.0,6401.0,6401.0,6401.0,6401.0,6401.0,6401.0,6401.0,6401.0,6401.0,6401.0,6401.0,6401.0,6401.0,6401.0,6401.0,6401.0,6401.0,6401.0,6401.0,6438.0,6439.0,6460.0,6460.0,6469.0,6491.0,6491.0,6491.0,6491.0,6491.0,6491.0,6491.0,6491.0,6491.0,6491.0,6491.0,6491.0,6491.0,6491.0,6491.0,6491.0,6491.0,6491.0,6491.0,6491.0,6491.0,6491.0,6521.0,6545.0,6559.0,6583.0,6583.0,6583.0,6590.0,6609.0,6653.0,6689.0,6716.0,6747.0,6747.0,6790.0,6859.0,6938.0,7017.0,7099.0,7149.0,7149.0,7149.0,7149.0,7149.0,7149.0,7149.0,7149.0,7149.0,7149.0,7149.0,7149.0,7149.0,7149.0,7149.0,7149.0,7149.0,7149.0,7149.0,7149.0,7149.0,7149.0,7149.0,7149.0,7149.0,7149.0,7149.0,7149.0,7149.0,7149.0,7149.0,7162.0,7232.0,7339.0,7405.0,7450.0,7552.0,7634.0,7634.0,7704.0,7807.0,7917.0,8027.0,8134.0,8209.0,8209.0,8209.0,8209.0,8209.0,8235.0,8281.0,8281.0,8281.0,8281.0,8281.0,8281.0,8281.0,8281.0,8280.0,8281.0,8281.0,8281.0,8281.0,8281.0,8281.0,8281.0,8281.0,8281.0,8281.0,8281.0,8281.0,8281.0,8281.0,8281.0,8281.0,8281.0,8281.0,8281.0,8281.0,8281.0,8281.0,8281.0,8281.0,8281.0,8281.0,8280.0,8281.0,8281.0,8281.0,8281.0,8281.0,8281.0,8281.0,8281.0,8281.0,8280.0,8281.0,8281.0,8281.0,8281.0,8281.0,8281.0,8281.0,8281.0,8281.0,8281.0,8281.0,8281.0,8281.0,8281.0,8281.0,8281.0,8281.0,8281.0,8281.0,8281.0,8281.0,8281.0,8281.0,8281.0,8281.0,8281.0,8281.0,8281.0,8281.0,8281.0,8281.0,8281.0,8281.0,8281.0,8281.0,8281.0,8281.0,8281.0,8281.0,8281.0,8281.0,8281.0,8281.0,8281.0,8281.0,8281.0,8281.0,8281.0,8281.0,8281.0,8281.0,8281.0,8281.0,8281.0,8281.0,8281.0,8281.0,8281.0,8281.0,8293.0,8358.0,,,,,,,,,,,,,,,,,,,,,,,,,,,,,,,,,,,,,,,,,,,,,,,,,,,,,,,,,,,,,,,,,,,,,,,,,,,,,,,,,,,,,,,,,,,,,,,,,,,,,,,,,,,,,,,,,,,,,,,,,,,,,,,,,,,,,,,,,,,,,,,,,,,,,,,,,,,,,,,,,,,,,,,,,,,,,,,,,,,,,,,,,,,,,,,,,,,,,,,,,,,,,,,,,,,
2020-11-13,ios,,,,,,,,,,,,,,,,,,,,,,,,,,,,,,,,,,,,,,,,,,,,,,,,,,,,,,,,,,,,,,,,,,,,,,,,,,,,,,,,,,,,,,,,,,,,,,,,,,,,,,,,,,,,,,,,,,,,,,,,,,,,,,,,,,,,,,,,,,,,,,,,,,,,,,,,,,,,,,,,,,,,,,,,,,,,,,,,,,,,,,,,,,,,,,,,,,,,,,,,,,,,,,,,,,,,,,,,,,,,,,,,,,,,,,,,,,,,,,,,,,,,,,,,,,,,,,,,,,,,,,,,,,,,,,,,,,,,,,,,,,,,,,,,,,,,,,,,,,,,,,,,,,,,,,,,,,,,,,,,,,,,,,,,,,,,,,,,,,,,,,,,,,,,,,,,,,,,,,,,,,,,,,,,,,,,,,,,,,,,,,,,,,,,,,,,,,,,,,,,,,,,,,,,,,,,,,,,,,,,,,,,,,,,,,,,,,,,,,,,,,,,,,,,,,,,15.0,15.0,15.0,15.0,15.0,15.0,15.0,15.0,15.0,15.0,15.0,15.0,15.0,15.0,15.0,15.0,15.0,15.0,15.0,15.0,15.0,15.0,15.0,15.0,15.0,15.0,15.0,15.0,15.0,15.0,15.0,15.0,15.0,15.0,15.0,15.0,15.0,15.0,15.0,15.0,15.0,15.0,15.0,15.0,15.0,15.0,15.0,15.0,15.0,15.0,15.0,15.0,15.0,15.0,15.0,15.0,15.0,15.0,15.0,15.0,15.0,15.0,15.0,15.0,15.0,15.0,,,,,,,,,,,,,,,,,,,,,,,,,,,,,,,,,,,,,,,,,,,,,,,,,,,,,,,,,,,,,,,,,,,,,,,,,,,,,,,,,,,,,,,,,,,,,,,,,,,,,,,,,,,,,,,,,,,,,,,,,,,,,,,,,,,,,,,,,,,,,,,,,,,,,,,,,,,,,,,,,,,,,,,,,,,,,,,,,,,,,,,,,,,,,,,,,,,,,,,,,,,,,,,,,,,,,,,,,,,,,,,,,,,,,,,,,,,,,,,,,,,,,,,,,,,,,,,,,,,,,,,,,,,,,,,,,,,,,,,,,,,,,,,,,,,,,,,,,,,,,,,,,,,,,,,,,,,,,,,,,,,,,,,,,,,,,,,,,,,,,,,,,,,,,,,,,,,,,,,,,,,,,,,,,,,,,,,,,,,,,,,,,,,,,,,,,,,,,,,,,,,,,,,,,,,,,,,,,,,,,,,,,,,,,,,,,,,,,,,,,,,,,,,,,,,,,,,,,,,,,,,,,,,,,,,,,,,,,,,,,,,,,,,,,,,,,,,,,,,,,,,,,,,,,,,,,,,,,,,,,,,,,,,,,,,,,,,,,,,,,,,,,,,,,,,,,,,,,,,,,,,,,,,,,,,,,,,,,,,,,,,,,,,,,,,,,,,,,,,,,,,,,,,,,,,,,,,,,,,,,,,,,,,,,,,,,,,,,,,,,,,,,,,,,,,,,,,,,,,,,,,,,,,,,,,,,,,,,,,,,,,,,,,,,,,,,,,,,,,,,,,,,,,,,,,,,,,,,,,,,,,,,,,,,,,,,,,,,,,,,,,,,,,,,,,,,,,,,,,,,,,,,,,,,,,,,,,,,,,,,,,,,,,,,,,,,,,,,,,,,,,,,,,,,,,,,,,,,,,,,,,,,,,,,,,,,,,,,,,,,,,,,,,,,,,,,,,,,,,,,,,,,,,,,,,,,,,,,,,,,,,,,,,,,,,,,,,,,,,,,,,,,,,,,,,,,,,,,,,,,,,
2020-11-14,ios,,,,,,,,,,,,,,,,,,,,,,,,,,,,,,,,,,,,,,,,,,,,,,,,,,,,,,,,,,,,,,,,,,,,,,,,,,,,,,,,,,,,,,,,,,,,,,,,,,,,,,,,,,,,,,,,,,,,,,,,,,,,,,,,,,,,,,,,,,,,,,,,,,,,,,,,,,,,,,,,,,,,,,,,,,,,,,,,,,,,,,,,,,,,,,,,,,,,,,,,,,,,,,,,,,,,,,,,,,,,,,,,,,,,,,,,,,,,,,,,,,,,,,,,,,,,,,,,,,,,,,,,,,,,,,,,,,,,,,,,,,,,,,,,,,,,,,,,,,,,,,,,,,,,,,,,,,,,,,,,,,,,,,,,,,,,,,,,,,,,,,,,,,,,,,,,,,,,,,,,,,,,,,,,,,,,,,,,,,,,,,,,,,,,,,,,,,,,,,,,,,,,,,,,,,,,,,,,,,,,,,,,,,,,,,,,,,,,,,,,,,,,,,,,,,,,,,,,,,,,,,,,,,,,,,,,,,,,,,,,,,,,,,,,,,,,,,,,,,,,,,,,,,,,,,,,,,,,,,,,,,,,,,,,,,,,,,,,,,,,,,,,,,,,,,,,,,,,,,,,,,,,,,,,,,,,,,,,,,,,,,,,,,,,,,,,,,,,,,,,,,,,,,,,,,,,,,,,,,,,,,,,,,,,,,,,,,,,,,,,,,,,,,,,,,,,,,,,,,,,,,,,,,,,,,,,,,,,,,,,,,,,,,,,8.0,8.0,8.0,8.0,8.0,8.0,8.0,8.0,8.0,,8.0,8.0,8.0,8.0,8.0,8.0,8.0,8.0,8.0,8.0,8.0,8.0,8.0,8.0,8.0,8.0,8.0,8.0,8.0,8.0,19.0,19.0,19.0,19.0,19.0,19.0,19.0,19.0,19.0,19.0,19.0,19.0,19.0,19.0,19.0,19.0,40.0,66.0,116.0,116.0,185.0,289.0,337.0,423.0,521.0,592.0,659.0,691.0,691.0,716.0,732.0,787.0,823.0,903.0,964.0,1004.0,1015.0,1015.0,1015.0,1015.0,1015.0,1015.0,1015.0,1015.0,1015.0,1024.0,1079.0,1124.0,1216.0,1301.0,1331.0,1361.0,1361.0,1361.0,1361.0,1361.0,1361.0,1361.0,1361.0,1465.0,1538.0,1630.0,1730.0,1810.0,1834.0,1910.0,1995.0,2005.0,2005.0,2005.0,2005.0,2005.0,2005.0,2005.0,2005.0,2005.0,2005.0,2005.0,2005.0,2005.0,2005.0,2005.0,2005.0,2005.0,2005.0,2005.0,2005.0,2005.0,2005.0,2005.0,2005.0,2005.0,2005.0,2005.0,2005.0,2005.0,2005.0,2005.0,2005.0,2005.0,2005.0,2005.0,2005.0,2005.0,2005.0,2005.0,2005.0,2005.0,2005.0,2005.0,2005.0,2045.0,2145.0,2151.0,2244.0,2356.0,2467.0,2556.0,2667.0,2771.0,2877.0,2982.0,3093.0,3201.0,3309.0,3413.0,3518.0,3583.0,3690.0,3795.0,3905.0,4018.0,4128.0,4233.0,4340.0,4342.0,4342.0,4342.0,4341.0,4342.0,4342.0,4342.0,4342.0,4342.0,4342.0,4342.0,4342.0,4342.0,4342.0,4342.0,4342.0,4342.0,4342.0,4342.0,4342.0,4342.0,4355.0,4366.0,4425.0,4467.0,4514.0,4514.0,4609.0,4713.0,4817.0,4921.0,,5133.0,5237.0,5341.0,5444.0,5547.0,5653.0,5761.0,5860.0,5964.0,6071.0,6152.0,6240.0,6292.0,6292.0,6292.0,6292.0,6300.0,6300.0,6300.0,6376.0,6387.0,6387.0,6387.0,6387.0,6387.0,6387.0,6387.0,6387.0,6387.0,6387.0,6386.0,6387.0,6387.0,6387.0,6387.0,6387.0,6387.0,6387.0,6387.0,6387.0,6387.0,6387.0,6387.0,6387.0,6387.0,6387.0,6387.0,6387.0,6387.0,6387.0,6387.0,6387.0,6387.0,6387.0,6387.0,6387.0,6387.0,6387.0,6387.0,6387.0,6387.0,6387.0,6387.0,6387.0,6387.0,6387.0,6387.0,6387.0,6387.0,6387.0,6387.0,6387.0,6387.0,6387.0,6387.0,6387.0,6387.0,6387.0,6418.0,6418.0,6418.0,6451.0,6556.0,6663.0,6764.0,6877.0,6968.0,7085.0,7133.0,7178.0,7177.0,7178.0,7178.0,,7178.0,7178.0,7177.0,7178.0,7178.0,7178.0,7178.0,7178.0,7178.0,7178.0,7178.0,7178.0,7178.0,7178.0,7178.0,7178.0,7178.0,,7178.0,7178.0,7178.0,7178.0,7178.0,,7178.0,7178.0,7178.0,7177.0,7178.0,7178.0,7178.0,7178.0,7178.0,7178.0,7178.0,7178.0,7178.0,7178.0,7178.0,7178.0,7178.0,7178.0,7178.0,7178.0,7178.0,7178.0,7178.0,7178.0,7178.0,7178.0,7178.0,7178.0,7178.0,7178.0,7178.0,7178.0,7178.0,7178.0,7178.0,7178.0,7178.0,7178.0,7178.0,7178.0,7178.0,7178.0,7178.0,7178.0,7178.0,7178.0,7178.0,7178.0,7178.0,7178.0,7178.0,7178.0,7178.0,7183.0,7214.0,7247.0,7247.0,7247.0,7247.0,7247.0,7247.0,7247.0,,7247.0,7247.0,7247.0,7247.0,7247.0,7247.0,7247.0,7247.0,7247.0,7247.0,7247.0,7246.0,7247.0,7247.0,7247.0,7247.0,,7247.0,7247.0,7247.0,7247.0,7247.0,7247.0,7247.0,7247.0,7247.0,7247.0,7247.0,7247.0,7246.0,7247.0,7247.0,7247.0,7247.0,7247.0,7247.0,7247.0,7247.0,7247.0,7247.0,7247.0,7247.0,7247.0,7247.0,7247.0,7247.0,7247.0,7247.0,7247.0,7247.0,7247.0,7247.0,7247.0,7247.0,7247.0,7247.0,7247.0,7247.0,7247.0,7247.0,7247.0,7247.0,7247.0,7247.0,7247.0,7247.0,7247.0,7247.0,7247.0,7247.0,7247.0,7247.0,7247.0,7247.0,7247.0,7247.0,7247.0,7247.0,7247.0,7247.0,7247.0,7247.0,7305.0,7408.0,7512.0,7617.0,7713.0,7795.0,7903.0,8008.0,,8095.0,,8095.0,8095.0,8095.0,8095.0,8095.0,,8095.0,8095.0,8095.0,8095.0,8095.0,8095.0,8095.0,8095.0,8095.0,8095.0,8095.0,8095.0,8095.0,8095.0,8095.0,8095.0,8095.0,8095.0,8095.0,8174.0,8252.0,8293.0,8367.0,8433.0,8462.0,8488.0,8512.0,8512.0,8512.0,8512.0,8511.0,8512.0,8512.0,8512.0,8512.0,8512.0,8512.0,8512.0,8512.0,8512.0,8512.0,8512.0,8512.0,8512.0,8512.0,8512.0,8575.0,8683.0,8790.0,8895.0,9001.0,9106.0,9210.0,9313.0,9415.0,9515.0,9607.0,9609.0,9638.0,9691.0,9794.0,9896.0,9999.0,10094.0,10194.0,10294.0,10379.0,10480.0,10577.0,10676.0,10770.0,10809.0,10814.0,10832.0,10896.0,10896.0,10896.0,10896.0,10896.0,,,,,,,,,,,,,,,,,,,,,,,,,,,,,,,,,,,,,,,,,,,,,,,,,,,,,,,,,,,,,,,,,,,,,,,,,,,,,,,,,,,,,,,,,,,,,,,,,,,,,,,,,,,,,,,,,,,,,,,,,,,,,,,,,,,,,,,,,,,,,,,,,,,,,,,,,,,,,,,,,,,,,,,,,,,,,,,,,,,,,,,,,,,,,,,,,,,,,
2020-11-15,ios,,,,,,,,,,,,,,,,,,,,,,,,,,,,,,,,,,,,,,,,,,,,,,,,,,,,,,,,,,,,,,,,,,,,,,,,,,,,,,,,,,,,,,,,,,,,,,,,,,,,,,,,,,,,,,,,,,,,,,,,,,,,,,,,,,,,,,,,,,,,,,,,,,,,,,,,,,,,,,,,,,,,,,,,,,,,,,,,,,,,,,,,,,,,,,,,,,,,,,,,,,,,,,,,,,,,,,,,,,,,,,,,,,,,,,,,,,,,,,,,,,,,,,,,,,,,,,,,,,,,,,,,,,,,,,,,,,,,,,,,,,,,,,,,,,,,,,,,,,,,,,,,,,,,,,,,,,,,,,,,,,,,,,,,,,,,,,,,,,,,,,,,,,,,,,,,,,,,,,,,,,,,,,,,,,,,,,,,,,,,,,,,,,,,,,,,,,,,,,,,,,,,,,,,,,,,,,,,,,,,,,,,,,,,,,,,,,,,,,,,,,,,,,,,,,,,,,,,,,,,,,,,,,,,,,,,,,,,,,,,,,,,,,,,,,,,,,,,,,,,,,,,,,,,,,,,,,,,,,,,,,,,,,,,,,,,,,,,,,,,,,,,,,,,,,,,,,,,,,,,,,,,,,,,,,,,,,,,,48.0,142.0,207.0,226.0,226.0,226.0,226.0,226.0,226.0,226.0,,226.0,226.0,,226.0,226.0,226.0,226.0,226.0,226.0,226.0,226.0,226.0,226.0,226.0,226.0,226.0,226.0,226.0,226.0,226.0,226.0,226.0,226.0,226.0,226.0,226.0,226.0,226.0,226.0,226.0,226.0,226.0,226.0,226.0,226.0,226.0,226.0,226.0,226.0,267.0,338.0,355.0,459.0,560.0,588.0,701.0,810.0,881.0,993.0,1092.0,1174.0,1214.0,1246.0,1256.0,1256.0,1256.0,1256.0,1256.0,1256.0,1256.0,1258.0,1259.0,1260.0,1261.0,1262.0,1263.0,1311.0,1381.0,1397.0,1510.0,1614.0,1719.0,1783.0,1889.0,1962.0,1968.0,1978.0,2013.0,2064.0,2149.0,2210.0,2214.0,2214.0,2214.0,2214.0,2214.0,2214.0,2214.0,2214.0,2214.0,,2214.0,2214.0,2214.0,2214.0,2214.0,2214.0,2214.0,2214.0,2214.0,2214.0,2214.0,2214.0,2214.0,2214.0,2214.0,2214.0,2214.0,2214.0,2214.0,2214.0,2214.0,2214.0,2214.0,2214.0,2214.0,2214.0,2214.0,2214.0,2214.0,2214.0,2214.0,2214.0,2214.0,2214.0,2214.0,2214.0,2214.0,2214.0,2214.0,2219.0,2318.0,2426.0,2478.0,,2515.0,2535.0,2535.0,2535.0,2535.0,2535.0,2535.0,2535.0,2535.0,2535.0,2535.0,2535.0,2535.0,2535.0,2534.0,2535.0,2535.0,2535.0,2535.0,2535.0,2535.0,2535.0,2535.0,2535.0,2535.0,2535.0,2535.0,2535.0,2535.0,2535.0,2535.0,2566.0,2633.0,2735.0,2779.0,2845.0,2855.0,2925.0,3022.0,3098.0,3180.0,3271.0,3357.0,3456.0,3555.0,3558.0,3558.0,3558.0,3558.0,3568.0,3640.0,3709.0,3709.0,3709.0,3709.0,3709.0,3709.0,3709.0,3709.0,3709.0,3709.0,3709.0,3709.0,3709.0,,3771.0,3771.0,3771.0,3771.0,3771.0,3771.0,,3771.0,3771.0,3771.0,3771.0,3771.0,3771.0,3771.0,3771.0,3771.0,,3771.0,3771.0,3771.0,3771.0,3771.0,3771.0,3771.0,3771.0,3771.0,3771.0,3771.0,3771.0,3771.0,3771.0,3771.0,3771.0,3771.0,3771.0,3771.0,3771.0,3771.0,3771.0,3771.0,3771.0,3771.0,3771.0,3771.0,3771.0,3771.0,3771.0,3771.0,3771.0,3771.0,3771.0,3771.0,3771.0,3771.0,3771.0,3771.0,3771.0,3771.0,3771.0,3771.0,3771.0,3771.0,3771.0,3771.0,3771.0,3771.0,3771.0,3771.0,3771.0,3771.0,3771.0,3771.0,3771.0,3771.0,3771.0,3771.0,3771.0,3771.0,3771.0,3771.0,3771.0,3771.0,3771.0,3771.0,3771.0,3771.0,3771.0,3771.0,3771.0,3771.0,3800.0,3906.0,3981.0,4095.0,4095.0,4095.0,4095.0,4095.0,4183.0,4314.0,4403.0,4522.0,4628.0,4734.0,4858.0,4905.0,4936.0,4936.0,4936.0,4936.0,4936.0,4936.0,4936.0,4936.0,4936.0,4936.0,4936.0,4936.0,4936.0,4936.0,4936.0,4936.0,4936.0,4936.0,4936.0,4936.0,4936.0,4936.0,4936.0,4936.0,4936.0,4936.0,4936.0,4936.0,4936.0,4936.0,4946.0,4945.0,4945.0,4946.0,4946.0,4946.0,4945.0,4946.0,,4946.0,4946.0,4946.0,4946.0,4946.0,4946.0,4946.0,4946.0,4945.0,4946.0,4946.0,4946.0,4946.0,,4946.0,4946.0,4946.0,4946.0,4946.0,4946.0,4946.0,4946.0,,4946.0,4946.0,4946.0,4946.0,4946.0,4946.0,4946.0,4946.0,4946.0,4946.0,4946.0,4946.0,4946.0,4945.0,4946.0,4946.0,4946.0,4946.0,4946.0,4946.0,4946.0,4946.0,4946.0,4946.0,4946.0,4946.0,4946.0,4946.0,4946.0,4946.0,4946.0,4946.0,4946.0,4946.0,4946.0,4946.0,4946.0,4946.0,4946.0,4946.0,4946.0,4946.0,4946.0,4946.0,4946.0,4946.0,4946.0,4946.0,4946.0,4946.0,4946.0,4946.0,4946.0,4946.0,4946.0,4946.0,4946.0,4946.0,4946.0,4946.0,4946.0,4946.0,4946.0,4946.0,4946.0,4946.0,4946.0,4946.0,4946.0,4946.0,4946.0,4946.0,4946.0,4946.0,4969.0,5047.0,5083.0,5189.0,5295.0,5402.0,5482.0,5482.0,5496.0,5526.0,5538.0,5538.0,5538.0,5538.0,5568.0,5568.0,5568.0,5568.0,5568.0,5568.0,5568.0,5568.0,5568.0,5568.0,5568.0,5568.0,5568.0,5662.0,5787.0,5858.0,5887.0,5977.0,6082.0,6177.0,6242.0,6298.0,6382.0,6487.0,6584.0,6687.0,6789.0,6889.0,6985.0,7074.0,7176.0,7265.0,7368.0,7449.0,7550.0,7650.0,7752.0,7850.0,7954.0,8055.0,8159.0,8255.0,8351.0,8418.0,8418.0,8418.0,8467.0,,,,,,,,,,,,,,,,,,,,,,,,,,,,,,,,,,,,,,,,,,,,,,,,,,,,,,,,,,,,,,,,,,,,,,,,,,,,,,,,,,,,,,,,,,,,,,,,,,,,,,,,,,,,,,,,,,,,,,,,,,,,,,,,,,,,,,,,,,,,,,,,,,,,,,,,,,,,,,,,,,,,,,,,,,,,,,,,,,,,,,,,,,,,,,,,,,,,,,,,,,,,,,,,,,,,,,,,,,,,,,,,,,,,,,,,,,,,,,,,,,,,,,,,,,,,,,,,,,,,,,,,,,,,,,,,,,,,,,,,,,,,,,,,,,,,,,,,,,,,,,,,,,,,,,,,,,,,,,,,,,,,,,,,,,,,,,,,,,,,,,,,,,,,,,
2020-11-16,ios,,,,,,,,,,,,,,,,,,,,,,,,,,,,,,,,,,,,,,,,,,,,,,,,,,,,,,,,,,,,,,,,,,,,,,,,,,,,,,,,,,,,,,,,,,,,,,,,,,,,,,,,,,,,,,,,,,,,,,,,,,,,,,,,,,,,,,,,,,,,,,,,,,,,,,,,,,,,,,,,,,,,,,,,,,,,,,,,,,,,,,,,,,,,,,,,,,,,,,,,,,,,,,,,,,,,,,,,,,,,,,,,,,,,,,,,,,,,,,,,,,,,,,,,,,,,,,,,,,,,,,,,,,,,,,,,,,,,,,,,,,,,,,,,,,,,,,,,,,,,,,,,,,,,,,,,,,,,,,,,,,,,,,,,,,,,,,,,,,,,,,,,,,,,,,,,,,,,,,,,,,,,,,,,,,,,,,,,,,,,,,,,,,,,,,,,,,,,,,,,,,,,,,,,,,,,,,,,,,,,,,,,,,,,,,,,,,,,,,,,,,,,,,,,,,,,,,,,,,,,,,,,,,,,,,,,,,,,,,,,,,,,,,,,,,,,,,,,,,,,,,,,,,,,,,,,,,,,,,,,,,,,,,,,,,,,,,,,,,,,,,,,,,,,,,,,,,,,,,,,,,,,,,94.0,99.0,138.0,233.0,361.0,454.0,567.0,681.0,769.0,805.0,844.0,855.0,855.0,854.0,854.0,,855.0,855.0,855.0,855.0,,855.0,855.0,855.0,855.0,855.0,855.0,854.0,854.0,855.0,855.0,855.0,,855.0,855.0,855.0,855.0,855.0,854.0,855.0,854.0,855.0,855.0,855.0,855.0,855.0,855.0,855.0,855.0,855.0,855.0,855.0,855.0,855.0,855.0,855.0,855.0,855.0,855.0,855.0,855.0,855.0,855.0,855.0,855.0,855.0,855.0,855.0,855.0,855.0,855.0,855.0,855.0,855.0,855.0,855.0,855.0,855.0,855.0,855.0,855.0,855.0,855.0,882.0,906.0,984.0,1016.0,1138.0,1254.0,1355.0,1469.0,1591.0,1646.0,1748.0,1764.0,1839.0,1846.0,1937.0,2049.0,2154.0,2248.0,2352.0,2452.0,2547.0,2618.0,2654.0,2654.0,2654.0,2654.0,2654.0,2654.0,2654.0,2653.0,2654.0,2654.0,2654.0,2653.0,2654.0,2654.0,2654.0,2653.0,2654.0,2654.0,2654.0,2654.0,2654.0,2654.0,2654.0,2654.0,2654.0,2654.0,2654.0,2654.0,2654.0,2654.0,2654.0,2654.0,2654.0,2654.0,2654.0,2654.0,2654.0,2654.0,2654.0,2654.0,2654.0,2654.0,2654.0,2654.0,2654.0,2654.0,2654.0,2654.0,2654.0,2654.0,2654.0,2654.0,2654.0,2654.0,2654.0,2654.0,2654.0,2654.0,2654.0,2654.0,2656.0,2684.0,2746.0,2757.0,2758.0,2758.0,2758.0,2758.0,2758.0,2758.0,2758.0,2758.0,2758.0,2758.0,2758.0,2758.0,2757.0,2758.0,2758.0,2758.0,2758.0,2758.0,2758.0,2758.0,2758.0,2758.0,2758.0,2758.0,2758.0,2758.0,2758.0,2758.0,2758.0,2758.0,2758.0,2758.0,2758.0,2758.0,2758.0,2758.0,2758.0,2758.0,2758.0,2758.0,2758.0,2758.0,2758.0,2758.0,2758.0,2758.0,2758.0,2758.0,2758.0,2758.0,2758.0,2758.0,2758.0,2758.0,2758.0,2758.0,2758.0,2758.0,2758.0,2758.0,2758.0,2758.0,2758.0,2758.0,2758.0,2758.0,2758.0,2758.0,2768.0,2829.0,2847.0,2847.0,2847.0,2901.0,2927.0,2984.0,2984.0,2984.0,2984.0,2984.0,2984.0,2984.0,2984.0,2984.0,2984.0,2984.0,2984.0,2984.0,2984.0,2984.0,2984.0,2984.0,2984.0,2984.0,2984.0,2984.0,2984.0,2984.0,2984.0,2984.0,2984.0,2984.0,2984.0,2984.0,2984.0,2984.0,2984.0,2984.0,2984.0,2984.0,2984.0,2983.0,2984.0,2983.0,2984.0,2984.0,2984.0,2984.0,2984.0,2984.0,2984.0,2984.0,2984.0,2984.0,2984.0,2984.0,2984.0,2984.0,2984.0,2984.0,2984.0,2984.0,2984.0,2984.0,2984.0,2984.0,2984.0,2984.0,2984.0,2984.0,2984.0,2984.0,2984.0,2984.0,2984.0,2984.0,2984.0,2984.0,2984.0,2984.0,2984.0,2984.0,2984.0,2984.0,2984.0,2984.0,2984.0,2984.0,2984.0,2984.0,2984.0,2984.0,2984.0,2984.0,2984.0,2984.0,2984.0,2984.0,2984.0,2984.0,2984.0,2984.0,2984.0,2984.0,2984.0,2984.0,2984.0,2984.0,2984.0,3036.0,3036.0,3036.0,3036.0,3036.0,3036.0,3036.0,3050.0,3092.0,3102.0,3102.0,3102.0,3102.0,3102.0,3102.0,3102.0,3102.0,3102.0,3137.0,3137.0,3137.0,3137.0,3137.0,3137.0,3136.0,3137.0,3137.0,3137.0,3137.0,3137.0,3137.0,3137.0,3137.0,3137.0,3137.0,3137.0,3137.0,3137.0,3137.0,3137.0,3137.0,3137.0,3137.0,3139.0,3152.0,3152.0,3152.0,3152.0,3152.0,3152.0,3151.0,3151.0,3152.0,3152.0,3152.0,3152.0,3152.0,3152.0,3152.0,3152.0,3152.0,3152.0,3152.0,3152.0,3152.0,3152.0,3152.0,3152.0,3152.0,3152.0,3152.0,3152.0,3152.0,3152.0,3152.0,3152.0,3152.0,3152.0,3152.0,3152.0,3152.0,3152.0,3152.0,3152.0,3152.0,3152.0,3151.0,3152.0,3205.0,3228.0,3228.0,3228.0,3228.0,3228.0,3228.0,3228.0,3228.0,3228.0,3228.0,3228.0,3228.0,3228.0,3228.0,3228.0,3228.0,3228.0,3228.0,3227.0,3228.0,3228.0,3228.0,3228.0,3228.0,3228.0,3228.0,3228.0,3228.0,3228.0,3228.0,3228.0,3228.0,3228.0,3228.0,3228.0,3228.0,3228.0,3228.0,3228.0,3228.0,3228.0,3228.0,3228.0,3228.0,3228.0,3228.0,3228.0,3228.0,3228.0,3228.0,3228.0,3228.0,3313.0,3322.0,3322.0,3428.0,3551.0,3677.0,3684.0,3684.0,3684.0,3684.0,3684.0,3684.0,3684.0,3683.0,3684.0,3684.0,3684.0,3684.0,3684.0,3684.0,3684.0,3684.0,3684.0,3684.0,3684.0,3684.0,3684.0,3684.0,3684.0,3684.0,3684.0,3684.0,3684.0,3684.0,3684.0,3684.0,3684.0,3684.0,3684.0,3684.0,3684.0,3684.0,3684.0,3684.0,3684.0,3684.0,3684.0,3684.0,3684.0,3684.0,3684.0,3696.0,3786.0,3895.0,4001.0,4108.0,4217.0,4325.0,4432.0,4512.0,4623.0,4732.0,4840.0,4949.0,5061.0,5173.0,5286.0,5381.0,5490.0,5599.0,5708.0,5823.0,5933.0,6048.0,6159.0,6266.0,6376.0,6472.0,6528.0,6579.0,6674.0,6783.0,6816.0,6835.0,6842.0,6902.0,6978.0,7043.0,7129.0,7222.0,7324.0,7431.0,7532.0,7600.0,7703.0,7799.0,7844.0,7844.0,7917.0,7917.0,7916.0,7916.0,7917.0,7917.0,7917.0,7917.0,7917.0,7917.0,7917.0,7917.0,7917.0,7917.0,7917.0,7917.0,7917.0,7917.0,7917.0,7917.0,7917.0,7917.0,7917.0,7917.0,7917.0,7917.0,7917.0,7917.0,7917.0,7917.0,7917.0,7917.0,7917.0,7917.0,7917.0,7917.0,7917.0,7917.0,7917.0,7917.0,7917.0,7917.0,7917.0,7917.0,7917.0,7917.0,7917.0,7917.0,7917.0,7917.0,7917.0,7917.0,7917.0,7917.0,7917.0,7917.0,7917.0,7917.0,7917.0,7917.0,7917.0,7917.0,7917.0,7917.0,7917.0,7917.0,7917.0,7917.0,7917.0,7917.0,7917.0,7917.0,7985.0,8095.0,8202.0,8313.0,8422.0,8475.0,8548.0,8548.0,8548.0,8548.0,8548.0,8548.0,8548.0,8548.0,8548.0,8548.0,8548.0,8548.0,8548.0,8548.0,8548.0,8548.0,8548.0,8548.0,8548.0,8548.0,8548.0,8548.0,8548.0,8548.0,8548.0,8548.0,8548.0,8548.0,8548.0,8548.0,8548.0,8548.0,8550.0,8550.0,8550.0,8550.0,8550.0,8550.0,8549.0,8550.0,8550.0,8550.0,8550.0,8550.0,8550.0,8549.0,8550.0,8550.0,8550.0,8550.0,8550.0,8550.0,8550.0,8550.0,8550.0,8550.0,8550.0,8550.0,8550.0,8550.0,8550.0,8550.0,8562.0,8583.0,8583.0,8583.0,8613.0,8614.0,8684.0,8760.0,8872.0,8979.0,9078.0,9111.0,9133.0,9147.0,9189.0,9264.0,9363.0,9467.0,9572.0,9582.0,9639.0,9638.0,9639.0,9639.0,9639.0,9639.0,9639.0,9639.0,9655.0,9664.0,9714.0,9765.0,9785.0,9800.0,9823.0,9823.0,9863.0,9904.0,9944.0,9998.0,10019.0,10028.0,10039.0,10050.0,10061.0,10105.0,10105.0,10105.0,10105.0,10105.0,10105.0,10105.0,10105.0,10105.0,10105.0,10105.0,10105.0,10105.0,10105.0,10105.0,10105.0,10105.0,10105.0,10105.0,10105.0,10105.0,10105.0,10105.0,10105.0,10105.0,10105.0,10105.0,10105.0,10105.0,10105.0,10105.0,10105.0,10105.0,10105.0,10105.0,10105.0,10105.0,10105.0,10105.0,10105.0,10105.0,10118.0,10118.0,10118.0,10118.0,10118.0,10118.0,10118.0,10118.0,10144.0,10251.0,10360.0,10473.0,10583.0,10657.0,10657.0,10657.0,10657.0,10657.0,10748.0,10751.0,10751.0,10751.0,10751.0,,,,,,,,,,,,,,,,,,,,,,,,,,,,,,,,,,,,,,,
2020-11-17,ios,,,,,,,37.0,73.0,73.0,73.0,73.0,73.0,73.0,73.0,73.0,73.0,73.0,73.0,73.0,73.0,73.0,73.0,73.0,72.0,73.0,73.0,72.0,73.0,73.0,73.0,73.0,73.0,73.0,73.0,73.0,73.0,73.0,73.0,73.0,73.0,73.0,73.0,73.0,73.0,73.0,73.0,73.0,73.0,,73.0,73.0,73.0,73.0,73.0,73.0,73.0,73.0,73.0,73.0,73.0,73.0,73.0,73.0,73.0,73.0,73.0,73.0,73.0,73.0,73.0,73.0,73.0,73.0,73.0,73.0,73.0,73.0,73.0,73.0,73.0,73.0,73.0,73.0,73.0,73.0,73.0,73.0,73.0,73.0,73.0,73.0,73.0,73.0,73.0,73.0,73.0,73.0,73.0,73.0,73.0,73.0,73.0,73.0,73.0,73.0,73.0,73.0,73.0,73.0,73.0,73.0,73.0,73.0,73.0,73.0,73.0,73.0,73.0,73.0,73.0,73.0,73.0,73.0,73.0,73.0,72.0,73.0,73.0,73.0,72.0,73.0,73.0,73.0,72.0,73.0,73.0,,72.0,73.0,73.0,73.0,73.0,73.0,73.0,73.0,73.0,73.0,73.0,73.0,,73.0,73.0,73.0,73.0,73.0,73.0,73.0,,73.0,73.0,73.0,73.0,73.0,73.0,73.0,,73.0,73.0,73.0,73.0,,73.0,73.0,72.0,73.0,73.0,73.0,72.0,,73.0,73.0,73.0,73.0,73.0,73.0,73.0,,73.0,73.0,73.0,73.0,73.0,73.0,73.0,,73.0,73.0,73.0,73.0,73.0,73.0,73.0,73.0,73.0,73.0,73.0,73.0,73.0,73.0,73.0,73.0,72.0,73.0,73.0,73.0,73.0,73.0,73.0,73.0,73.0,73.0,73.0,73.0,73.0,73.0,73.0,73.0,73.0,73.0,73.0,73.0,73.0,73.0,73.0,73.0,73.0,,73.0,73.0,73.0,73.0,73.0,73.0,,,73.0,73.0,73.0,73.0,73.0,73.0,,73.0,73.0,73.0,73.0,73.0,73.0,73.0,,73.0,73.0,73.0,73.0,73.0,73.0,73.0,73.0,72.0,73.0,73.0,73.0,73.0,73.0,73.0,73.0,73.0,73.0,73.0,73.0,73.0,73.0,73.0,73.0,73.0,73.0,73.0,73.0,73.0,73.0,73.0,73.0,73.0,73.0,73.0,73.0,73.0,73.0,73.0,73.0,73.0,73.0,73.0,73.0,73.0,73.0,73.0,73.0,73.0,73.0,73.0,73.0,73.0,73.0,73.0,73.0,73.0,73.0,73.0,73.0,73.0,73.0,73.0,73.0,73.0,73.0,73.0,73.0,73.0,73.0,73.0,73.0,73.0,73.0,73.0,73.0,73.0,73.0,73.0,73.0,73.0,73.0,73.0,73.0,73.0,73.0,73.0,73.0,73.0,73.0,73.0,73.0,73.0,73.0,73.0,73.0,73.0,73.0,73.0,73.0,73.0,73.0,73.0,73.0,73.0,73.0,73.0,73.0,73.0,73.0,73.0,73.0,73.0,73.0,73.0,73.0,73.0,73.0,73.0,73.0,73.0,73.0,73.0,73.0,73.0,73.0,73.0,73.0,73.0,73.0,73.0,73.0,73.0,73.0,73.0,73.0,73.0,73.0,73.0,73.0,73.0,73.0,73.0,73.0,73.0,73.0,73.0,73.0,73.0,73.0,73.0,73.0,73.0,73.0,73.0,73.0,73.0,73.0,73.0,73.0,73.0,73.0,73.0,73.0,73.0,73.0,73.0,73.0,73.0,73.0,73.0,73.0,73.0,73.0,73.0,73.0,73.0,73.0,73.0,73.0,73.0,73.0,73.0,73.0,73.0,73.0,73.0,73.0,73.0,73.0,73.0,73.0,73.0,73.0,73.0,73.0,73.0,73.0,73.0,73.0,73.0,73.0,73.0,73.0,73.0,73.0,73.0,73.0,73.0,73.0,73.0,73.0,73.0,73.0,73.0,73.0,73.0,73.0,73.0,73.0,73.0,73.0,73.0,73.0,73.0,73.0,73.0,73.0,73.0,73.0,73.0,73.0,73.0,73.0,73.0,73.0,73.0,73.0,73.0,73.0,73.0,73.0,73.0,73.0,73.0,73.0,73.0,73.0,73.0,73.0,73.0,73.0,73.0,73.0,73.0,73.0,73.0,73.0,73.0,73.0,73.0,73.0,73.0,73.0,73.0,73.0,73.0,75.0,75.0,75.0,75.0,75.0,75.0,75.0,75.0,78.0,138.0,139.0,139.0,139.0,139.0,139.0,139.0,139.0,138.0,139.0,139.0,139.0,139.0,139.0,139.0,139.0,139.0,139.0,139.0,139.0,139.0,139.0,139.0,139.0,139.0,139.0,139.0,139.0,139.0,139.0,139.0,139.0,139.0,139.0,139.0,153.0,252.0,371.0,459.0,459.0,459.0,463.0,485.0,498.0,519.0,528.0,617.0,640.0,710.0,712.0,722.0,722.0,722.0,722.0,722.0,722.0,722.0,722.0,722.0,722.0,722.0,722.0,722.0,722.0,722.0,722.0,722.0,722.0,722.0,722.0,722.0,722.0,722.0,722.0,722.0,722.0,748.0,749.0,749.0,749.0,748.0,749.0,749.0,749.0,749.0,749.0,749.0,749.0,749.0,749.0,749.0,749.0,749.0,749.0,749.0,749.0,749.0,749.0,749.0,749.0,749.0,749.0,749.0,749.0,749.0,749.0,749.0,749.0,749.0,749.0,749.0,749.0,749.0,749.0,748.0,749.0,749.0,749.0,749.0,749.0,749.0,749.0,749.0,749.0,749.0,749.0,749.0,749.0,749.0,749.0,749.0,749.0,749.0,749.0,749.0,749.0,749.0,749.0,749.0,749.0,749.0,749.0,749.0,749.0,749.0,749.0,749.0,749.0,749.0,749.0,749.0,749.0,749.0,749.0,749.0,749.0,749.0,749.0,749.0,749.0,749.0,749.0,749.0,749.0,749.0,749.0,749.0,749.0,749.0,749.0,783.0,799.0,839.0,839.0,839.0,842.0,882.0,890.0,890.0,890.0,916.0,918.0,918.0,928.0,1042.0,1158.0,1273.0,1370.0,1415.0,1415.0,1415.0,1415.0,1415.0,1415.0,1423.0,1424.0,1424.0,1424.0,1424.0,1424.0,1424.0,1424.0,1424.0,1424.0,1424.0,1424.0,1424.0,1424.0,1424.0,1424.0,1424.0,1424.0,1499.0,1593.0,1656.0,1698.0,1783.0,1891.0,1994.0,2021.0,2058.0,2153.0,2268.0,2377.0,2484.0,2575.0,2620.0,2620.0,2620.0,2700.0,2800.0,2904.0,3006.0,3108.0,3216.0,3320.0,3426.0,3531.0,3633.0,3710.0,3813.0,3915.0,3930.0,3946.0,3993.0,4003.0,4076.0,4075.0,4076.0,4076.0,4076.0,4076.0,4076.0,4076.0,4076.0,4076.0,4076.0,4076.0,4076.0,4075.0,4076.0,4076.0,4076.0,4076.0,4076.0,4076.0,4076.0,4076.0,4076.0,4076.0,4076.0,4076.0,4075.0,4076.0,4076.0,4076.0,4076.0,4076.0,4076.0,4076.0,4076.0,4076.0,4076.0,4076.0,4076.0,4076.0,4076.0,4076.0,4076.0,4076.0,4076.0,4076.0,4076.0,4076.0,4076.0,4076.0,4076.0,4076.0,4076.0,4076.0,4076.0,4076.0,4076.0,4076.0,4076.0,4076.0,4076.0,4076.0,4076.0,4076.0,4076.0,4076.0,4076.0,4076.0,4076.0,4076.0,4076.0,4076.0,4076.0,4076.0,4076.0,4076.0,4076.0,4076.0,4076.0,4133.0,4218.0,4281.0,4356.0,4364.0,4368.0,4381.0,4411.0,4433.0,4452.0,4486.0,4545.0,4571.0,4638.0,4638.0,4666.0,4679.0,4726.0,4740.0,4740.0,4740.0,4740.0,4740.0,4751.0,4751.0,4751.0,4751.0,4751.0,4751.0,4751.0,4767.0,4771.0,4799.0,4820.0,4852.0,4852.0,4878.0,4955.0,5060.0,5109.0,5115.0,5115.0,5115.0,5115.0,5115.0,5115.0,5161.0,5266.0,5322.0,5338.0,5365.0,5387.0,5387.0,5387.0,5386.0,5410.0,5427.0,5534.0,5568.0,5568.0,5568.0,5568.0,5568.0,5568.0,5568.0,5568.0,5568.0,5576.0,5582.0,5670.0,5715.0,5715.0,5741.0,5755.0,5755.0,5755.0,5755.0,5779.0,5849.0,5860.0,5868.0,5896.0,5897.0,5897.0,5897.0,5897.0,5897.0,5897.0,5897.0,5897.0,5897.0,5923.0,5983.0,6003.0,6003.0,6013.0,6013.0,6094.0,6162.0,6205.0,6248.0,6248.0,6248.0,6248.0,6248.0,6248.0,6248.0,6248.0,6248.0,6301.0,6343.0,6405.0,6405.0,6435.0,6443.0,6444.0,6497.0,6550.0,6562.0,6571.0,6600.0,6602.0,6602.0,6602.0,6602.0,6602.0,6602.0,6602.0,6645.0,6660.0,6721.0,6721.0,6751.0,6819.0,6852.0,,,,,,,,,,,,,,,,,,,,,,,,,,,,,,,,,,,,,,,,,,,,,,,,,,,,,,,,,,,,,,,,,,,,,,,,,,,,,,,,,,,,,,,,,,,,,,,,,,,,,,,,,,,,,,,,,,,,,,,,,,,,,,,,,,,,,,,,,,,,,,,,,,,,,,,,,,,,,,,,,,,,,,,,,,,,,,,,,,,,,,,,,,,,,,,,,,,,,,,,,,,,,,,,,,,,,,,,,,,,,,,,,,,,,,,,,,,,,,,,,,,,,,,,,,,,,,,,,,,,,,,,,,,,,,,,,,,,,,,,,,,,,,,,,,,,,,,,,,,,,,,,,,,,,,,,,,,,,,,,,,,,,,,,,,,,,,,,,,,,,,,,,,,,,,,,,,,,,,,,,,,,,,,,,,,,,,,,,,,,,,,,,,,,,,,,,,,,,,,,,,,,,,,,,,,,,,,,,,,,,,,,,,,,,,,,,,,,,,,,,,,,
